2018012118
2018052200
2018112918
2018062312
2018021512
2018010712
2018061706
2018051218
2018110512
2018092518
2018100106
2018030512
2018103012
2018071912
2018102106
2018110212
2018060718
2018122918
2018022012
2018080406
2018101012
2018030712
2018080106
2018100418
2018110306
2018030918
2018040306
2018082618
2018112400
2018120412
2018062118
2018040806
2018122418
2018102900
2018032618
2018091306
2018071306
2018041900
2018060400
2018101918
2018041712
2018022700
2018040618
2018102200
2018033100
2018071000
2018031800
2018032000
2018072112
2018010312
2018042018
2018051812
2018060112
2018100800
2018060606
2018081318
2018121412
2018100206
2018050918
2018120612
2018073006
2018112800
2018042618
2018020800
2018072606
2018121806
2018122818
2018032200
2018121912
2018050618
2018072012
2018021000
2018062918
2018080512
2018052012
2018050312
2018061918
2018112218
2018113018
2018042800
2018011800
2018072912
2018062618
2018021306
2018022300
2018032818
2018121118
2018101712
2018102800
2018122212
2018061112
2018040506
2018051512
2018040918
2018120806
2018072300
2018051406
2018081806
2018010806
2018032318
2018012000
2018110112
2018022818
2018100512
2018082512
2018011206
2018082418
2018031500
2018071412
2018072818
2018011318
2018101200
2018122306
2018010906
2018082000
2018051712
2018120218
2018102606
2018052500
2018110412
2018050800
2018043000
2018050118
2018022400
2018031900
2018032218
2018011518
2018101900
2018030218
2018030618
2018121512
2018100818
2018101406
2018011012
2018120912
2018012218
2018102400
2018071712
