2019121011
2019111705
2019111722
2019053107
2019053108
2019053109
2019111723
2019102723
2019032817
2019032818
2019032819
2019032820
2019032821
2019032822
2019121006
2019121007
2019121008
2019082517
2019082518
2019082519
2019082520
2019082521
2019082522
2019041923
2019042000
2019042001
2019042002
2019042003
2019042004
2019111916
2019111917
2019111918
2019111919
2019111920
2019111921
2019100806
2019100807
2019100808
2019100809
2019100810
2019100811
2019112007
2019112008
2019112012
2019033021
2019071115
2019071606
2019071607
2019071116
2019071608
2019071609
2019071610
2019071611
2019060405
2019060406
2019060407
2019060408
2019060409
2019060410
2019112123
2019112200
2019042305
2019042306
2019042307
2019042308
2019042309
2019042310
2019110114
2019110115
2019110116
2019110117
2019110118
2019040213
2019040214
2019040215
2019040216
2019040217
2019111606
2019111607
2019040306
2019040308
2019092117
2019042513
2019042514
2019042515
2019042516
2019042517
2019042518
2019060711
2019060712
2019060713
2019060714
2019060715
2019060716
2019121711
2019040512
2019040513
2019121712
2019121713
2019121714
2019121715
2019121716
2019040606
2019040607
2019040608
2019040609
2019040610
2019040611
2019081223
2019081300
2019081301
2019081302
2019081303
2019081304
2019110722
2019110723
2019110800
2019110801
2019110802
2019110803
2019090511
2019090512
2019090513
2019090514
2019090515
2019090516
2019081511
2019081512
2019092703
2019052211
2019052212
2019052213
2019092712
2019061300
2019061301
2019061302
2019061303
2019061304
2019061305
2019090613
2019090614
2019090615
2019090616
2019090617
2019090618
2019111000
2019092811
2019092812
2019101920
2019101921
2019101922
2019101923
2019102000
2019090711
2019090712
2019090713
2019090714
2019090715
2019090716
2019111011
2019120223
2019120300
2019022817
2019090820
2019090821
2019090822
2019090823
2019090900
2019090901
2019102117
2019102118
2019102119
2019102120
2019102121
2019111206
2019111207
2019111208
2019111209
2019111210
2019111211
2019120312
2019120313
2019120314
2019120315
2019120316
2019120317
2019072912
2019072913
2019072914
2019072915
2019072916
2019072917
2019091007
2019091010
2019091011
2019091012
2019032401
2019032402
2019032403
2019032404
2019032405
2019032406
2019100208
2019100209
2019100210
2019100211
2019100212
2019100213
2019050607
2019050608
2019050609
2019050610
2019050611
2019091111
2019091112
2019091113
2019091114
2019091115
2019091116
2019120522
2019120523
2019120600
2019120601
2019120602
2019120603
2019121010
2019100314
2019100315
2019102817
2019102818
2019121009
2019102508
2019102509
2019102510
2019102511
2019102512
2019102513
2019032613
2019032614
2019032615
2019032616
2019032617
2019032618
2019030511
2019030512
2019071111
2019071112
2019071113
2019071114
2019111608
2019120802
2019120803
2019120804
2019120805
2019120806
2019120807
