2021012104
2021012105
2021012106
2021012107
2021012108
2021012109
2021012110
2021012111
2021012112
2021012113
2021012114
2021012115
2021012116
2021012117
2021012118
2021012119
2021012120
2021012121
2021012122
2021012123
2021012200
2021012201
2021012202
2021012203
2021012204
2021012205
2021012206
2021012207
2021012208
2021012209
2021012210
2021012211
2021012212
2021012213
2021012214
2021012215
2021012216
2021012217
2021012218
2021012219
2021012220
2021012221
2021012222
2021012223
2021012300
2021012301
2021012302
2021012303
2021012304
2021012305
2021012306
2021012307
2021012308
2021012309
2021012310
2021012311
2021012312
2021012313
2021012314
2021012315
2021012316
2021012317
2021012318
2021012319
2021012320
2021012321
2021012322
2021012323
2021012400
2021012401
2021012402
2021012403
2021012404
2021012405
2021012406
2021012407
2021012408
2021012409
2021012410
2021012411
2021012412
2021012413
2021012414
2021012415
2021012416
2021012417
2021012418
2021012419
2021012420
2021012421
2021012422
2021012423
2021012500
2021012501
2021012502
2021012503
2021012504
2021012505
2021012506
2021012507
2021012508
2021012509
2021012510
2021012511
2021012512
2021012513
2021012514
2021012515
2021012516
2021012517
2021012518
2021012519
2021012520
2021012521
2021012522
2021012523
2021012600
2021012601
2021012602
2021012603
2021012604
2021012605
2021012606
2021012607
2021012608
2021012609
2021012610
2021012611
2021012612
2021012613
2021012614
2021012615
2021012616
2021012617
2021012618
2021012619
2021012620
2021012621
2021021005
2021021006
2021021007
2021021008
2021021009
2021021010
2021021011
2021021012
2021021013
2021021014
2021021015
2021032318
2021032319
2021072223
2021072300
2021072301
2021072302
2021072303
2021072304
2021072305
2021072306
2021072307
2021072308
2021072309
2021072310
2021072311
2021072312
2021072313
2021072314
2021072315
2021072316
2021072317
2021072318
2021072319
2021072320
2021072321
2021072322
2021072323
2021072400
2021072401
2021072402
2021072403
2021072404
2021072405
2021072406
2021072407
2021072408
2021072409
2021072410
2021072411
2021072412
2021072413
2021072414
2021072415
2021072416
2021072417
2021072418
2021072419
2021072420
2021072421
2021072422
2021072423
2021072500
2021072501
2021072502
2021072503
2021072504
2021072505
2021072506
2021072507
2021072508
2021072509
2021072510
2021072511
2021072512
2021072513
2021072514
2021072515
2021072516
2021072517
2021072518
2021072519
2021072520
2021072521
2021072522
2021072523
2021072600
2021072601
2021072602
2021072603
2021072604
2021072605
2021072606
2021072607
2021072608
2021072609
2021072610
2021072611
2021072612
2021072613
2021072614
2021072615
2021072616
2021072617
2021072618
2021072619
2021072620
2021072621
2021072622
2021072623
