2019010818
2019010819
2019010820
2019010821
2019010822
2019010823
2019010900
2019010901
2019010902
2019010903
2019010904
2019010905
2019020806
2019020807
2019020808
2019020809
2019020810
2019020811
2019020812
2019020813
2019020814
2019020815
2019020816
2019020817
2019020818
2019020819
2019020820
2019020821
2019020822
2019020823
2019020900
2019020901
2019020902
2019020903
2019020904
2019020905
2019020906
2019020907
2019020908
2019020909
2019020910
2019020911
2019020912
2019020913
2019020914
2019020915
2019020916
2019020917
2019021707
2019021708
2019021709
2019021710
2019021711
2019021712
2019021713
2019021714
2019021715
2019021716
2019021717
2019021718
2019021719
2019021720
2019021721
2019021722
2019021723
2019021800
2019021801
2019021802
2019021803
2019021804
2019021805
2019021806
2019021807
2019021808
2019021809
2019021810
2019021811
2019021812
2019021813
2019021814
2019021815
2019021816
2019021817
2019021818
2019021819
2019021820
2019021821
2019021822
2019021823
2019021900
2019021901
2019021902
2019021903
2019021904
2019021905
2019021906
2019021907
2019021908
2019021909
2019021910
2019021911
2019021912
2019021913
2019021914
2019021915
2019021916
2019021917
2019021918
2019021919
2019021920
2019021921
2019021922
2019021923
2019022000
2019022001
2019022002
2019022003
2019022004
2019022005
2019022412
2019022413
2019022414
2019022415
2019022416
2019022417
2019022418
2019022419
2019022420
2019022421
2019022422
2019022423
2019022500
2019022501
2019022502
2019022503
2019022504
2019022505
2019022506
2019022507
2019022508
2019022509
2019022510
2019022511
2019022806
2019022807
2019022808
2019022809
2019022810
2019022811
2019030518
2019030519
2019032414
2019032415
2019032416
2019032417
2019032418
2019032419
2019032420
2019032421
2019032422
2019032423
2019032500
2019032501
2019032502
2019032503
2019032504
2019032505
2019032506
2019032507
2019032508
2019032509
2019032510
2019032511
2019032512
2019032513
2019032514
2019032515
2019032516
2019032517
2019032518
2019032703
2019032704
2019032705
2019032706
2019032707
2019032708
2019032709
2019032710
2019032711
2019032712
2019032713
2019032714
2019032715
2019032716
2019032717
2019032718
2019032719
2019032720
2019032721
2019032918
2019032919
2019032920
2019032921
2019032922
2019032923
2019033000
2019033001
2019033002
2019033003
2019033004
2019033005
2019033006
2019033007
2019033008
2019033009
2019033010
2019033011
2019033012
2019033013
2019033014
2019033015
2019042406
2019042407
2019042408
2019042409
2019042410
2019042411
2019042412
2019042413
2019042414
2019042415
2019042416
2019042417
2019042418
2019042419
2019042420
2019060506
2019060718
2019060719
2019060720
2019060721
2019060722
2019060723
2019060800
2019071118
2019071119
2019071120
2019071121
2019071122
2019071123
2019071200
2019071201
2019071202
2019071203
2019071204
2019071205
2019071206
2019071207
2019071208
2019071706
2019071707
2019071708
2019071709
2019071710
2019071711
2019071712
2019071713
2019071714
2019071715
2019071716
2019071717
2019071718
2019071719
2019071720
2019071721
2019081400
2019081401
2019081402
2019081403
2019081404
2019081405
2019081406
2019081407
2019081408
2019081409
2019091205
2019091206
2019091207
2019091208
2019091209
2019091210
2019091211
2019091212
2019091213
2019091214
2019091215
2019091216
2019091217
2019091218
2019091219
2019091220
2019091221
2019091222
2019092818
2019092819
2019100905
2019100906
2019100907
2019100908
2019100909
2019111305
2019111306
2019111307
2019111308
2019111309
2019112015
2019120412
2019120413
2019120414
2019120415
2019120416
2019120417
2019120418
2019120419
2019120420
2019120421
2019120422
2019120423
2019120500
2019120501
2019120502
2019120503
2019120504
2019120505
2019120506
2019120507
2019120508
2019120509
2019120510
2019120511
2019120512
2019120900
2019120901
2019120902
2019120903
2019120904
2019120905
2019120906
2019120907
2019120908
2019120909
2019120910
2019120911
2019120912
2019120913
2019120914
2019120915
2019120916
2019120917
2019120918
2019120919
2019120920
2019120921
2019120922
2019121106
2019121107
2019121108
2019121109
2019121110
2019121111
2019121112
2019121113
2019121114
2019121115
2019121811
2019121812
2019121813
2019121814
2019121815
2019121816
2019121817
2019121818
2019121819
2019121820
2019121821
2019121822
2019121823
2019121900
2019121901
2019121902
2019121903
2019121904
2019121905
2019121906
2019121907
2019121908
2019121909
2019122806
2019122807
2019122808
2019122809
2019123106
2019123107
2019123108
2019123109
2019123110
2019123111
2019123112
2019123113
2019123114
