2020010206
2020010207
2020010208
2020010209
2020010210
2020010211
2020010212
2020010213
2020010214
2020010215
2020010216
2020010217
2020010218
2020010219
2020010220
2020010221
2020010416
2020010417
2020010418
2020010419
2020010420
2020010421
2020010422
2020010423
2020010500
2020010501
2020010502
2020010503
2020010622
2020010623
2020010700
2020010701
2020010702
2020010703
2020010704
2020010705
2020010706
2020010707
2020010708
2020010709
2020010900
2020010901
2020010902
2020010903
2020011603
2020011604
2020011605
2020011606
2020011607
2020011608
2020011615
2020011616
2020011617
2020011618
2020011619
2020011620
2020011621
2020011622
2020011623
2020011700
2020011701
2020011702
2020011703
2020011704
2020011705
2020011706
2020011707
2020011708
2020011709
2020011710
2020011711
2020011712
2020011713
2020011714
2020011715
2020011716
2020011717
2020011718
2020011719
2020011720
2020011721
2020020505
2020020506
2020020507
2020020508
2020020509
2020020510
2020020511
2020020512
2020020513
2020020514
2020020515
2020020516
2020020517
2020020518
2020020519
2020020520
2020020521
2020031104
2020031105
2020031106
2020031107
2020031108
2020031109
2020031110
2020031111
2020031112
2020031113
2020031114
2020031115
2020041118
2020041119
2020041120
2020041121
2020041122
2020041123
2020041200
2020041201
2020041202
2020041203
2020041204
2020041818
2020041819
2020041820
2020041821
2020041822
2020041823
2020041900
2020041901
2020041902
2020041905
2020041907
2020041908
2020041909
2020041910
2020041911
2020042204
2020042205
2020042206
2020042207
2020042208
2020042209
2020042210
2020042211
2020042212
2020042213
2020042214
2020042215
2020051112
2020051113
2020051114
2020051115
2020051116
2020051117
2020051118
2020051119
2020051120
2020051121
2020051304
2020051305
2020051306
2020051307
2020051308
2020051309
2020051310
2020051311
2020051312
2020051313
2020051314
2020051315
2020051316
2020051500
2020051501
2020051502
2020051503
2020061004
2020061005
2020061006
2020061007
2020061008
2020061009
2020061010
2020061011
2020061012
2020061013
2020061014
2020061015
2020061208
2020061209
2020061210
2020061211
2020061212
2020061213
2020061214
2020061215
2020061216
2020061217
2020061218
2020061219
2020061220
2020061221
2020072204
2020072205
2020072206
2020072207
2020072208
2020072209
2020072210
2020072211
2020072212
2020072213
2020072214
2020072215
2020072817
2020072818
2020072917
2020072918
2020072919
2020072920
2020072921
2020072922
2020072923
2020073000
2020073001
2020073002
2020073003
2020073004
2020073005
2020073006
2020073007
2020073008
2020073009
2020081205
2020081206
2020081207
2020081208
2020081209
2020081210
2020081211
2020081212
2020081213
2020081214
2020090208
2020090223
2020090300
2020090301
2020093004
2020093005
2020093006
2020093007
2020093008
2020093009
2020093010
2020093011
2020093012
2020093013
2020093014
2020093015
2020100820
2020100821
2020100822
2020100823
2020100900
2020100901
2020100902
2020100903
2020101005
2020101809
2020101810
2020102104
2020102105
2020102106
2020102107
2020102108
2020102109
2020102110
2020102111
2020102112
2020102113
2020102114
2020102115
2020102806
2020102807
2020102808
2020102809
2020102810
2020102811
2020102812
2020102813
2020102814
2020102815
2020102816
2020102817
2020102818
2020102819
2020102820
2020102821
2020102822
2020102823
2020102900
2020102901
2020102902
2020111805
2020112706
2020112707
2020112708
2020112709
2020112710
2020112711
2020112712
2020112713
2020112714
2020112715
2020112716
2020112717
2020112718
2020112719
2020112720
2020112721
2020120809
2020120810
2020120811
2020120812
2020120813
2020120814
2020120815
2020120816
2020120817
2020120818
2020120819
2020120820
2020120821
2020120822
2020120823
2020120900
2020121605
2020121606
2020121607
2020121608
2020121609
2020121610
2020121611
2020121612
2020121613
2020121614
2020121615
