2018010100
2018010101
2018010102
2018010103
2018010104
2018010105
2018010106
2018010107
2018010108
2018010109
2018010110
2018010111
2018010112
2018010113
2018010114
2018010115
2018010116
2018010117
2018010412
2018010413
2018010414
2018010415
2018010416
2018010417
2018011306
2018011307
2018011308
2018011309
2018011310
2018011311
2018011312
2018011313
2018011314
2018011315
2018011316
2018011317
2018011618
2018011619
2018011620
2018011621
2018011622
2018011623
2018011700
2018011701
2018011702
2018011703
2018011704
2018011705
2018011706
2018011707
2018011708
2018011709
2018011710
2018011711
2018011712
2018011713
2018011714
2018011715
2018011716
2018011717
2018011718
2018011719
2018011720
2018011721
2018011722
2018011723
2018012100
2018012101
2018012102
2018012103
2018012104
2018012105
2018012106
2018012107
2018012108
2018012109
2018012110
2018012111
2018012112
2018012113
2018012114
2018012115
2018012116
2018012117
2018012318
2018012319
2018012320
2018012321
2018012322
2018012323
2018012400
2018012401
2018012402
2018012403
2018012404
2018012405
2018012406
2018012407
2018012408
2018012409
2018012410
2018012411
2018012412
2018012413
2018012414
2018012415
2018012416
2018012417
2018012418
2018012419
2018012420
2018012421
2018012422
2018012423
2018012500
2018012501
2018012502
2018012503
2018012504
2018012505
2018012506
2018012507
2018012508
2018012509
2018012510
2018012511
2018012512
2018012513
2018012514
2018012515
2018012516
2018012517
2018012518
2018012519
2018012520
2018012521
2018012522
2018012523
2018012600
2018012601
2018012602
2018012603
2018012604
2018012605
2018012606
2018012607
2018012608
2018012609
2018012610
2018012611
2018012612
2018012613
2018012614
2018012615
2018012616
2018012617
2018012618
2018012619
2018012620
2018012621
2018012622
2018012623
2018012700
2018012701
2018012702
2018012703
2018012704
2018012705
2018012706
2018012707
2018012708
2018012709
2018012710
2018012711
2018012712
2018012713
2018012714
2018012715
2018012716
2018012717
2018012718
2018012719
2018012720
2018012721
2018012722
2018012723
2018012800
2018012801
2018012802
2018012803
2018012804
2018012805
2018012806
2018012807
2018012808
2018012809
2018012810
2018012811
2018012812
2018012813
2018012814
2018012815
2018012816
2018012817
2018012818
2018012819
2018012820
2018012821
2018012822
2018012823
2018012900
2018012901
2018012902
2018012903
2018012904
2018012905
2018012906
2018012907
2018012908
2018012909
2018012910
2018012911
2018012912
2018012913
2018012914
2018012915
2018012916
2018012917
2018012918
2018012919
2018012920
2018012921
2018012922
2018012923
2018013000
2018013001
2018013002
2018013003
2018013004
2018013005
2018013006
2018013007
2018013008
2018013009
2018013010
2018013011
2018013012
2018013013
2018013014
2018013015
2018013016
2018013017
2018013018
2018013019
2018013020
2018013021
2018013022
2018013023
2018013100
2018013101
2018013102
2018013103
2018013104
2018013105
2018013106
2018013107
2018013108
2018013109
2018013110
2018013111
2018013112
2018013113
2018013114
2018013115
2018013116
2018013117
2018013118
2018013119
2018013120
2018013121
2018013122
2018013123
2018020100
2018020101
2018020102
2018020103
2018020104
2018020105
2018020106
2018020107
2018020108
2018020109
2018020110
2018020111
2018020112
2018020113
2018020114
2018020115
2018020116
2018020117
2018020900
2018020901
2018020902
2018020903
2018020904
2018020905
2018020906
2018020907
2018020908
2018020909
2018020910
2018020911
2018021612
2018021613
2018021614
2018021615
2018021616
2018021617
2018021618
2018021619
2018021620
2018021621
2018021622
2018021623
2018021700
2018021701
2018021702
2018021703
2018021704
2018021705
2018022112
2018022113
2018022114
2018022115
2018022116
2018022117
2018022118
2018022119
2018022120
2018022121
2018022122
2018022123
2018022200
2018022201
2018022202
2018022203
2018022204
2018022205
2018022206
2018022207
2018022208
2018022209
2018022210
2018022211
2018022500
2018022501
2018022502
2018022503
2018022504
2018022505
2018022506
2018022507
2018022508
2018022509
2018022510
2018022511
2018022512
2018022513
2018022514
2018022515
2018022516
2018022517
2018022518
2018022519
2018022520
2018022521
2018022522
2018022523
2018032100
2018032101
2018032102
2018032103
2018032104
2018032105
2018032106
2018032107
2018032108
2018032109
2018032110
2018032111
2018032418
2018032419
2018032420
2018032421
2018032422
2018032423
2018032500
2018032501
2018032502
2018032503
2018032504
2018032505
2018032506
2018032507
2018032508
2018032509
2018032510
2018032511
2018032512
2018032513
2018032514
2018032515
2018032516
2018032517
2018032518
2018032519
2018032520
2018032521
2018032522
2018032523
2018032600
2018032601
2018032602
2018032603
2018032604
2018032605
2018032918
2018032919
2018032920
2018032921
2018032922
2018032923
2018033000
2018033001
2018033002
2018033003
2018033004
2018033005
2018040906
2018040907
2018040908
2018040909
2018040910
2018040911
2018040912
2018040913
2018040914
2018040915
2018040916
2018040917
2018041018
2018041019
2018041020
2018041021
2018041022
2018041023
2018041100
2018041101
2018041102
2018041103
2018041104
2018041105
2018042718
2018042719
2018042720
2018042721
2018042722
2018042723
2018050100
2018050101
2018050102
2018050103
2018050104
2018050105
2018050900
2018050901
2018050902
2018050903
2018050904
2018050905
2018050906
2018050907
2018050908
2018050909
2018050910
2018050911
2018050912
2018050913
2018050914
2018050915
2018050916
2018050917
2018052112
2018052113
2018052114
2018052115
2018052116
2018052117
2018052118
2018052119
2018052120
2018052121
2018052122
2018052123
2018052300
2018052301
2018052302
2018052303
2018052304
2018052305
2018052306
2018052307
2018052308
2018052309
2018052310
2018052311
2018052312
2018052313
2018052314
2018052315
2018052316
2018052317
2018060212
2018060213
2018060214
2018060215
2018060216
2018060217
2018060218
2018060219
2018060220
2018060221
2018060222
2018060223
2018060500
2018060501
2018060502
2018060503
2018060504
2018060505
2018060506
2018060507
2018060508
2018060509
2018060510
2018060511
2018060512
2018060513
2018060514
2018060515
2018060516
2018060517
2018060518
2018060519
2018060520
2018060521
2018060522
2018060523
2018060600
2018060601
2018060602
2018060603
2018060604
2018060605
2018060706
2018060707
2018060708
2018060709
2018060710
2018060711
2018062718
2018062719
2018062720
2018062721
2018062722
2018062723
2018072212
2018072213
2018072214
2018072215
2018072216
2018072217
2018082612
2018082613
2018082614
2018082615
2018082616
2018082617
2018100306
2018100307
2018100308
2018100309
2018100310
2018100311
2018100312
2018100313
2018100314
2018100315
2018100316
2018100317
2018100612
2018100613
2018100614
2018100615
2018100616
2018100617
2018100618
2018100619
2018100620
2018100621
2018100622
2018100623
2018100700
2018100701
2018100702
2018100703
2018100704
2018100705
2018100706
2018100707
2018100708
2018100709
2018100710
2018100711
2018100918
2018100919
2018100920
2018100921
2018100922
2018100923
2018101000
2018101001
2018101002
2018101003
2018101004
2018101005
2018101006
2018101007
2018101008
2018101009
2018101010
2018101011
2018101300
2018101301
2018101302
2018101303
2018101304
2018101305
2018101306
2018101307
2018101308
2018101309
2018101310
2018101311
2018101312
2018101313
2018101314
2018101315
2018101316
2018101317
2018101506
2018101507
2018101508
2018101509
2018101510
2018101511
2018101512
2018101513
2018101514
2018101515
2018101516
2018101517
2018101518
2018101519
2018101520
2018101521
2018101522
2018101523
2018101600
2018101601
2018101602
2018101603
2018101604
2018101605
2018101606
2018101607
2018101608
2018101609
2018101610
2018101611
2018101612
2018101613
2018101614
2018101615
2018101616
2018101617
2018101812
2018101813
2018101814
2018101815
2018101816
2018101817
2018102500
2018102501
2018102502
2018102503
2018102504
2018102505
2018102506
2018102507
2018102508
2018102509
2018102510
2018102511
2018102706
2018102707
2018102708
2018102709
2018102710
2018102711
2018103000
2018103001
2018103002
2018103003
2018103004
2018103005
2018103006
2018103007
2018103008
2018103009
2018103010
2018103011
2018103112
2018103113
2018103114
2018103115
2018103116
2018103117
2018103118
2018103119
2018103120
2018103121
2018103122
2018103123
2018110100
2018110101
2018110102
2018110103
2018110104
2018110105
2018110106
2018110107
2018110108
2018110109
2018110110
2018110111
2018110406
2018110407
2018110408
2018110409
2018110410
2018110411
2018110612
2018110613
2018110614
2018110615
2018110616
2018110617
2018110618
2018110619
2018110620
2018110621
2018110622
2018110623
2018110700
2018110701
2018110702
2018110703
2018110704
2018110705
2018110706
2018110707
2018110708
2018110709
2018110710
2018110711
2018110712
2018110713
2018110714
2018110715
2018110716
2018110717
2018110718
2018110719
2018110720
2018110721
2018110722
2018110723
2018110800
2018110801
2018110802
2018110803
2018110804
2018110805
2018120118
2018120119
2018120120
2018120121
2018120122
2018120123
2018120200
2018120201
2018120202
2018120203
2018120204
2018120205
2018120512
2018120513
2018120514
2018120515
2018120516
2018120517
2018120518
2018120519
2018120520
2018120521
2018120522
2018120523
2018120600
2018120601
2018120602
2018120603
2018120604
2018120605
2018120606
2018120607
2018120608
2018120609
2018120610
2018120611
2018120712
2018120713
2018120714
2018120715
2018120716
2018120717
2018120718
2018120719
2018120720
2018120721
2018120722
2018120723
2018120800
2018120801
2018120802
2018120803
2018120804
2018120805
2018121012
2018121013
2018121014
2018121015
2018121016
2018121017
2018121018
2018121019
2018121020
2018121021
2018121022
2018121023
2018121100
2018121101
2018121102
2018121103
2018121104
2018121105
2018121106
2018121107
2018121108
2018121109
2018121110
2018121111
2018121112
2018121113
2018121114
2018121115
2018121116
2018121117
2018121906
2018121907
2018121908
2018121909
2018121910
2018121911
2018122012
2018122013
2018122014
2018122015
2018122016
2018122017
2018122018
2018122019
2018122020
2018122021
2018122022
2018122023
2018122406
2018122407
2018122408
2018122409
2018122410
2018122411
2018122412
2018122413
2018122414
2018122415
2018122416
2018122417
2018122518
2018122519
2018122520
2018122521
2018122522
2018122523
