2020072716
2019033116
2019061412
2020111404
2020072816
2019070101
2020092315
2020120609
2020071118
2019091704
2019121023
2018021906
2020060310
2019060418
2020071516
2020082403
2019041000
2020070712
2019032605
2019070901
2018090918
2020110100
2020070512
2020072409
2020050223
2019122218
2019070202
2020022113
2019102911
2018042612
2020090410
2020110408
2020040307
2019040923
2020110806
2020092709
2019111402
2020041111
2019092901
2019052808
2020051318
2020041513
2020112621
2020112719
2019102604
2020092115
2019090413
2018060106
2020050621
2020112508
2019082111
2019062800
2020022122
2020041013
2019062820
2020090609
2020021701
2019060809
2020100210
2020062502
2019103101
2019050807
2019090810
2020101214
2019033118
2019041307
2020032211
2019031419
2019090504
2019120423
2019070817
2020120616
2019110311
2020041411
2020042910
2020110110
2020030909
2020071411
2018123012
2019060315
2020032719
2020012304
2020060117
2019080102
2019112621
2019030318
2019102016
2020031415
2020110912
2020121017
2020051317
2020010306
2020081210
2020011603
2019100110
2020021412
2019110620
2020090801
2020080206
2019050819
2018102112
2019103007
2019071609
2020092321
