2020121715
2020041305
2020022409
2020082411
2020112312
2020020213
2020021703
2020070720
2020052222
2020112515
2020112617
2020122115
2020050119
2020032204
2020032105
2020012802
2020013008
2020093023
2020102820
2020051204
2020090606
2020110914
2020121900
2020092703
2020051817
2020041607
2020110614
2020070721
2020091504
2020071615
2020121713
2020012104
2020122814
2020020306
2020090617
2020022303
2020012509
2020092610
2020083011
2020121005
2020022123
2020101818
2020073011
2020123117
2020072716
2020111404
2020072816
2020092315
2020120609
2020071118
2020060310
2020071516
2020082403
2020070712
2020110100
2020070512
2020072409
2020050223
2020022113
2020090410
2020110408
2020040307
2020110806
2020092709
2020041111
2020051318
2020041513
2020112621
2020112719
2020092115
2020050621
2020112508
2020022122
2020041013
2020090609
2020021701
2020100210
2020062502
2020101214
2020032211
2020120616
2020041411
2020042910
2020110110
2020030909
2020071411
2020032719
2020012304
2020060117
2020031415
2020110912
2020121017
2020051317
2020010306
2020081210
2020011603
2020021412
2020090801
2020080206
2020092321
2020051223
2020050912
2020122019
2020032817
2020071502
2020062503
2019072020
2020120208
2020102703
2020111616
2020111804
2020122902
2020061223
2020120810
2020022308
2020092804
2020061815
2020092822
2020021302
2020112816
2020120603
2020101717
2020082413
2020011600
2020092622
2020011108
2020060615
2020042019
2020072519
2020022015
2020081410
2020091012
2020092203
2020112001
2020040722
2020121601
2020030323
2020100101
2020050615
2020101420
2020112416
2020031206
2020030419
2020030114
2020020300
2020061020
2020090705
2020021513
2020022222
2020090306
2020051209
2020071620
2020091100
2020011810
2020031605
2020112623
2020050105
2020060818
2020101700
2020112017
2020112221
2020050717
2020011000
2020020716
2020060908
2020080217
2020062413
2020062005
2020060216
2020022919
2020102023
2020042008
2020011614
2020070702
2020110818
2020100911
2020030400
2020112005
2020021921
2020100805
2020012607
2020042610
2020102905
2020072422
2020042812
2020080111
2020071710
2020081622
2020101908
2020071214
2020100206
2020100204
2020070318
2020030608
2020082112
2020022715
2020071119
2020010912
2020070612
2020090312
2020062513
2020111607
2020012719
2020110909
2020011823
2020080901
2020121406
2020040320
2020092005
2020083005
2020122213
2020081111
2020122121
2020011711
2020102621
2020041604
2020102511
2020040704
2020021000
2020042316
2020042708
2020111015
2020020917
2020122409
2020121523
2020091720
2020022018
2020112307
2020071722
2020031808
2020061805
2020072500
2020051518
2020052513
2020081501
2020052211
2020050415
2020032923
2020120502
2020022815
2020062407
2020011607
2020090112
2020082512
2020061017
2020110708
2020062911
2020033109
2020012206
2020062903
2020030507
2020020811
2019082020
2020110101
2020010316
2020021522
2020082215
2020082904
2020012409
2020092518
2020111419
2020042503
2020042017
2020110601
2020110913
2020050509
2020082906
2020042519
2020011007
2020070110
2020072122
2020041713
2020100522
2020091905
2020101811
2020121509
2020070503
2020062209
2020080605
2020052323
2020111115
2020052306
2020122500
2020122103
2020071201
2020060916
2020061217
2020012905
2020101205
2020070502
2020022915
2020101519
2020051603
2020090513
2020110801
2020021814
2020080415
2020121221
2020081912
2020022712
2020110720
2020081119
2020051914
2020031923
2020120319
2020072405
2020020906
2020011216
2020080710
2020062909
2020042617
2020061212
2020101618
2020041221
2020110918
2020090920
2020072001
2020030503
2020102808
2020100216
2020041100
2020082901
2020012319
2020101322
2020030620
2020092015
2020110917
2020110123
2020122909
2020080923
2020051408
2020072401
2020061111
2020071114
2020070517
2020040613
2020011323
2020062715
2020031817
2020042208
2020111912
2020080123
2020081910
2020082015
2020041505
2020032707
2020091521
2020092404
2020121411
2020071311
2020071721
2020040608
2020030908
2020033011
2020091918
2020101511
2020110318
2020063009
2020062022
2020072420
2020052701
2020112000
2020050317
2020062610
2020072400
2020120918
2020070519
2020020203
2020012701
2020092123
2020012600
2020051813
2020061303
2020020510
2020030616
2020051423
2020091703
2020071500
2020072917
2020121013
2020031920
2020080202
2020090111
2020120318
2020092011
2020071316
2020051812
2020092304
2020090320
2020012423
2020030607
2020021719
2020050518
2020050123
2020050617
2020012606
2020042520
2020080401
2020050517
2020040510
2019120202
2020052606
2020052405
2020030211
2020092417
2020062221
2020022901
2020092900
2020120402
2020031609
2020092911
2020010606
2020091014
2020090400
2020082912
2020032912
2020061512
2020053014
2020121820
2020090910
2020092407
2020123100
2020050103
2020032506
2020121810
2020031407
2020052609
2020040415
2019120201
2020011011
2020101703
2020042409
2020052019
2020091508
2020011708
2020090721
2020021714
2020091111
2020020713
2020010201
2020100823
2020032005
2020062218
2020092619
2020011423
2020112801
2020042418
2020070411
2020111316
2020060102
2020040223
2020041116
2020082802
2020040210
2020011020
2020060523
2020031119
2020051021
2020061003
2020040109
2020052218
2020061718
2020121103
2020032614
2020122210
2020012302
2020031517
2020010712
2020091203
2020021721
2020052308
2020080500
2020121916
2020101203
2020091418
2020060215
2020050416
2020071511
2020042022
2020121200
2020111710
2020112901
2020101505
2020122615
2020100102
2020030412
2020042212
2020041117
2020022020
2020031317
2020111505
2020083122
2020121004
2020013020
2020062120
2020020819
2020070102
2020091112
2020042109
2020112200
2020012711
2020080905
2020031803
2020112607
2020030123
2020072501
2020073002
2020031614
2020062303
2020022602
2020033123
2020031103
2020061613
2020110822
2020120714
2020070422
2020070314
2020032208
2020012012
2020080122
2020112010
2020040504
2020090901
2020021102
2020042702
2020050114
2020042510
2020032419
2020071515
2020070309
2020122418
2020090611
2020111412
2020091220
2020112704
2020060115
2020071812
2020110213
2020030814
2020090722
2020031716
2020092209
2020022809
2020020900
2020012202
2020042800
2020021903
2020011601
2020081904
2020100115
2020022816
2020102106
2020062021
2020062606
2020052804
2020123015
2020101800
2020080611
2020100309
2020092004
2020122117
2020111214
2020111204
2020030617
2020032804
2020120413
2020012720
2020101013
2020021515
2020030407
2020062717
2020062010
2020071104
2020071113
2020103014
2020122107
2020090102
2020120920
2020031005
2020020920
2020052013
2020031121
2020051710
2020102402
2020081205
2020042318
2020030703
2020012708
2020010717
2020021816
2020051111
2020090619
2020020506
2020012403
2020082719
2020113022
2020072602
2020101318
2020052008
2020040922
2020060714
2020112115
2020052622
2020080811
2020020812
2020010806
2020050414
2020071918
2020100201
2020090317
2020031414
2020030117
2020032009
2020091502
2020060302
2020070511
2020090318
2020092212
2020022802
2020052406
2020120311
2020102011
2020122214
2020070722
2020092504
2020062915
2020080204
2020062512
2020121603
2020050116
2020052023
2020022920
2020072620
2020041412
2020111618
2020102718
2020101815
2020080100
2020100417
2020020912
2020021615
2020101521
2020012106
2020022223
2020082813
2020042602
2020021916
2020110323
2020060810
2020042323
2020031220
2020010115
2020040520
2020022903
2020020323
2020121806
2020010612
2020033106
2020050408
2020110817
2020071209
2020051010
2020040714
2020100721
2020012003
2020061218
2020052913
2020081722
2020120211
2020052106
2020040315
2020030816
2020070307
2020030600
2020072313
2020012516
2020100322
2020021220
2020081707
2020121618
2020040821
2020032515
2020100819
2020040806
2020050303
2020100814
2020041504
2020032216
2020100901
2020051815
2020100714
2020033100
2020060306
2020091922
2020012609
2020101915
2020090821
2020022301
2020112422
2020090314
2020071914
2020080416
2020062101
2020011100
2020101221
2020073012
2020051912
2020102413
2020082801
2020043000
2020121308
2020100817
2020080105
2020032816
2020021813
2020111523
2020062201
2020032521
2020070803
2020090807
2020022820
2020021604
2020092700
2020040902
2020101310
2020071021
2020010105
2020122906
2020092102
2020072704
2020063021
2020090121
2020081623
2020020505
2020060109
2020043014
2020122301
2020120113
2020051512
2020070719
2020021408
2020022908
2020120814
2020042909
2020031111
2020022701
2020070212
2020061817
2020010705
2020071623
2020051612
2020110112
2020110204
2020060819
2020070815
2020101502
2020113006
2020052523
2020101314
2020031509
2020072805
2020052304
2020080503
2020032221
2020070814
2020061904
2020010618
2020090816
2020122006
2020022411
2020120321
2020033006
2020082204
2020102708
2020051908
2020011210
2020031413
2020090315
2020121409
2020081017
2020020701
2020061009
2020082919
2020081016
2020032710
2020092819
2020021613
2020090203
2020111921
2020012307
2020111100
2020110121
2020031108
2020092303
2020091906
2020080205
2020012013
2020082503
2020022518
2020082823
2020022306
2020080723
2020053011
2020092412
2020040612
2020102308
2020032004
2020122914
2020120305
2020111013
2020010113
2020040708
2020072522
2020021310
2020112900
2020110301
2020070323
2020060912
2020123022
2020050202
2020112309
2020040618
2020051713
2020010220
2020021801
2020122718
2020062421
2020082102
2020111216
2020121215
2020121012
2020031821
2020012216
2020042819
2020120414
2020020111
2020101223
2020031117
2020090904
2020022905
2020060113
2020052113
2020080409
2020121318
2020112215
2020032415
2020092007
2020070812
2020091009
2020060716
2020120612
2020121018
2020072319
2020103119
2020061513
2020022509
2020050108
2020032422
2020090912
2020031322
2020030813
2020052421
2020022203
2020102001
2020121323
2020072305
2020010212
2020022407
2020030515
2020041907
2020012521
2020060909
2020103015
2020011209
2020122611
2020022209
2020010701
2020052711
2020043001
2020051221
2020122112
2020072518
2020011514
2020031608
2020011618
2020021403
2020030807
2020040110
2020042901
2020080323
2020052719
2020061709
2020022823
2020012313
2020081823
2020121614
2020051722
2020123106
2020051016
2020050614
2020121314
2020102810
2020071105
2020050322
2020030521
2020041005
2020052813
2020060809
2020100314
2020040701
2020080813
2020122904
2020022300
2020042405
2020082718
2020110211
2020031123
2020122204
2020070419
2020010206
2020111114
2020032908
2020100802
2020082004
2020091109
2020102200
2020060617
2020102404
2020051418
2020081315
2020090701
2020022417
2020051003
2020091617
2020080406
2020012608
2020090922
2020072211
2020090914
2020122011
2020012912
2020040103
2020030523
2020102706
2020021906
2020101309
2020052810
2020020720
2020011122
2020022611
2020102707
2020050209
2020121504
2020071910
2020032900
2020080608
2020102522
2020110321
2020010915
2020080306
2020100321
2020053006
2020010720
2020020513
2020081518
2020081820
2020022603
2020111215
2020060501
2020091120
2020072303
2020120312
2020052423
2020020418
2020053123
2020062412
2020073119
2020013109
2020070403
2020040501
2020080603
2020051019
2020020520
2020092914
2020033018
2020081602
2020123007
2020092019
2020011818
2020120913
2020122822
2020110307
2020071822
2020121623
2020082701
2020082222
2020121912
2020081200
2020072916
2020111705
2020081122
2020042815
2020092715
2020122111
2020022115
2020021605
2020100506
2020052806
2020051307
2020121010
2020051708
2020121818
2020082903
2020071612
2020101816
2020021900
2020120706
2020042718
2020100104
2020112122
2020050104
2020082610
2020030208
2020030111
2020042919
2020030510
2020082716
2020062521
2020102909
2020041920
2020012702
2020050910
2020072515
2020062905
2020031800
2020030118
2020122713
2020072312
2020042717
2020071920
2020041204
2020120710
2020011017
2020111701
2020050220
2020073004
2020051014
2020080419
2020113013
2020070109
2020071705
2020051703
2020101522
2020052301
2020050419
2020100601
2020062105
2020070809
2020122322
2020030220
2020053114
2020081916
2020111004
2020052118
2020082217
2020102107
2020061809
2020120620
2020110811
2020111707
2020122404
2020022822
2020091003
2020090702
2020032520
2020020600
2020121902
2020031202
2020030700
2020121803
2020080915
2020021406
2020051514
2020100411
2020042809
2020031102
2020080807
2020051619
2020092503
2020060417
2020052602
2020080504
2020052520
2020071919
2020112206
2020110415
2020103007
2020120521
2020112008
2020040609
2020061820
2020111117
2020041213
2020081403
2020082017
2020122600
2020043005
2020081415
2020122315
2020120201
2020050314
2020072823
2020013100
2020071205
2020052912
2020061600
2020111210
2020082509
2020101607
2020010414
2020101422
2020030417
2020030707
2020122402
2020050719
2020100202
2020121717
2020071110
2020020521
2020070903
2020121605
2020102318
2020112007
2020022121
2020121705
2020032711
2020072021
2020120722
2020042100
2020081420
2020010823
2020071318
2020070909
2020070123
2020120409
2020101313
2020031816
2020060616
2020030812
2020091615
2020102021
2020063020
2020112014
2020053115
2020071309
2020010908
2020020112
2020011312
2020112004
2020123114
2020082700
2020100706
2020072012
2020111801
2020030501
2020032104
2020010814
2020101713
2020070101
2020032812
2020070114
2020031901
2020110405
2020040522
2020022704
2020022315
2020061103
2020012018
2020123120
2020073117
2020081917
2020081607
2020071416
2020040113
2020061206
2020100500
2020051304
2020020304
2020032508
2020070413
2020082315
2020010207
2020102202
2020082321
2020060522
2020121212
2020073118
2020021821
2020021802
2020111108
2020061800
2020121105
2020081721
2020061509
2020052111
2020031805
2020031314
2020061622
2020121813
2020040805
2020103111
2020053022
2020070223
2020020215
2020111008
2020112003
2020112504
2020122807
2020060118
2020111019
2020042001
2020071923
2020052918
2020100403
2020011722
2020102814
2020112107
2020022321
2020052410
2020010902
2020120510
2020070705
2020061422
2020080719
2020050603
2020020103
2020012813
2020110509
2020081104
2020061101
2020071700
2020121422
2020061522
2020060122
2020070819
2020051416
2020011717
2020090514
2020030104
2020063004
2020052011
2020122620
2020052610
2020050919
2020091809
2020043019
2020072905
2020120107
2020091909
2020051920
2020021215
2020020802
2020071102
2020120307
2020111302
2020062304
2020122511
2020021923
2020061311
2020111920
2020060204
2020031208
2020050316
2020111504
2020031818
2020070911
2020080307
2020052614
2020100809
2020012109
2020051415
2020041710
2020021210
2020031421
2020021014
2020101500
2020040107
2020033000
2020121101
2020052302
2020082115
2020071320
2020080109
2020031705
2020020815
2020122310
2020081710
2020110208
2020110410
2020091102
2020061819
2020100313
2020030102
2020041010
2020073106
2020020601
2020051501
2020091213
2020031513
2020121507
2020082012
2020040100
2020122216
2020021119
2020121414
2020082022
2020110716
2020040920
2020120420
2020090415
2020083119
2020010703
2020051821
2020011103
2020112216
2020050712
2020122519
2020121317
2020062712
2020062700
2020102423
2020062213
2020110701
2020112002
2020080300
2020121707
2020082816
2020021713
2020052015
2020052707
2020022419
2020073020
2020081700
2020042722
2020123102
2020071403
2020010608
2020110223
2020051907
2020083014
2020042714
2020041421
2020121515
2020012615
2020112403
2020110503
2020122316
2020053020
2020072809
2020122122
2020101103
2020120417
2020052619
2020092100
2020031516
2020080115
2020093019
2020111800
2020121914
2020060201
2020022803
2020101916
2020122518
2020050916
2020091715
2020083114
2020030109
2020070912
2020011718
2020042806
2020120611
2020031510
2020100612
2020052409
2020020404
2020022220
2020121908
2020072705
2020072212
2020091815
2020060813
2020012700
2020030811
2020070908
2020100323
2020040800
2020091107
2020071003
2020102309
2020021017
2020032513
2020060414
2020062921
2020081019
2020040218
2020060202
2020090223
2020102622
2020010603
2020050214
2020020107
2020121802
2020031813
2020032606
2020081905
2020073015
2020011816
2020051523
2020110309
2020120105
2020050608
2020022116
2020052506
2020101317
2020121106
2020100519
2020072101
2020120204
2020082800
2020010812
2020031512
2020042719
2020031401
2020082419
2020060821
2020041403
2020012211
2020091015
2020111902
2020112100
2020091316
2020020113
2020090622
2020052508
2020041217
2020022923
2020051900
2020052116
2020072604
2020012310
2020082500
2020090908
2020013004
2020112203
2020112521
2020022717
2020122702
2020020219
2020052903
2020101513
2020061117
2020081918
2020050722
2020061014
2020101900
2020012621
2020071522
2020021620
2020051516
2020033008
2020081101
2020030801
2020122015
2020051412
2020121604
2020052521
2020062613
2020060221
2020092814
2020022110
2020092311
2020091923
2020083107
2020080200
2020020617
2020111702
2020093021
2020080317
2020111006
2020021711
2020012320
2020011808
2020100218
2020062914
2020061506
2020121304
2020010601
2020111116
2020110407
2020020822
2020072801
2020041520
2020012518
2020081322
2020070506
2020030305
2020071212
2020082014
2020122810
2020020210
2020082915
2020101914
2020082306
2020091421
2020112410
2020111206
2020101306
2020033017
2020101523
2020072918
2020092805
2020091005
2020090808
2020020606
2020070200
2020082213
2020040318
2020022620
2020043008
2020071508
2020071513
2020032814
2020050721
2020011400
2020073013
2020060504
2020051106
2020020301
2020092603
2020103104
2020010112
2020102212
2020092916
2020122921
2020030422
2020020623
2020012107
2020082723
2020061109
2020070715
2020061722
2020042621
2020083118
2020041418
2020051904
2020011013
2020071108
2020082808
2020082318
2020052316
2020031810
2020052920
2020062800
2020020621
2020061210
2020111308
2020030320
2020051511
2020021318
2020050117
2020110409
2020010403
2020090109
2020012301
2020100203
2020081310
2020040421
2020042207
2020031420
2020052616
2020062320
2020042513
2020051617
2020112912
2020031214
2020112402
2020092204
2020010721
2020060510
2020061505
2020100908
2020031110
2020102201
2020071804
2020110613
2020122222
2020020220
2020011901
2020012120
2020113017
2020101200
2020012614
2020073000
2020051818
2020102922
2020011821
2020042803
2020081708
2020070813
2020082307
2020010718
2020062718
2020120618
2020051715
2020123108
2020052112
2020092416
2020020608
2020112619
2020051607
2020052110
2020121615
2020040908
2020033005
2020052709
2020081505
2020033120
2020101405
2020070121
2020111515
2020012303
2020062020
2020100900
2020121723
2020120602
2020121506
2020111812
2020092116
2020012511
2020040413
2020122105
2020110400
2020090708
2020101509
2020021607
2020091900
2020041423
2020060709
2020063002
2020122818
2020092710
2020011504
2020022106
2020021706
2020090419
2020052600
2020092220
2020102420
2020111320
2020040916
2020051506
2020052705
2020010305
2020020303
2020030809
2020020315
2020011018
2020030709
2020052121
2020012209
2020012414
2020090212
2020103023
2020021807
2020070910
2020051022
2020101023
2020092702
2020072114
2020101323
2020081103
2020032509
2020081100
2020030504
2020081619
2020033007
2020122521
2020050118
2020011502
2020070817
2020040707
2020031416
2020111720
2020072002
2020091706
2020122603
2020020218
2020032023
2020030313
2020012218
2020110215
2020021211
2020020502
2020111202
2020041407
2020062305
2020040517
2020010322
2020080404
2020082523
2020120613
2020111810
2020080103
2020060708
2020061107
2020102118
2020012522
2020050412
2020010904
2020031505
2020102719
2020100407
2020053102
2020031309
2020021023
2020100312
2020102610
2020110513
2020042220
2020073102
2020060301
2020011918
2020080222
2020041621
2020102915
2020121922
2020011406
2020112602
2020060323
2020090414
2020051401
2020011904
2020040515
2020062508
2020100621
2020091401
2020121102
2020092312
2020062118
2020111916
2020062519
2020101518
2020033104
2020111018
2020121205
2020111010
2020121222
2020103107
2020080521
2020012213
2020011923
2020010803
2020032108
2020102620
2020051510
2020042307
2020040719
2020110916
2020032021
2020122101
2020111121
2020060514
2020020703
2020041406
2020081211
2020042219
2020072600
2020100315
2020011621
2020052511
2020052315
2020021907
2020061022
2020120501
2020062706
2020020909
2020111904
2020020106
2020011120
2020011615
2020060701
2020121408
2020093017
2020051917
2020121714
2020041512
2020020216
2020102421
2020062518
2020012418
2020061912
2020102016
2020080320
2020102605
2020051922
2020012520
2020060218
2020081620
2020092909
2020021501
2020061421
2020111816
2020072912
2020112819
2020060508
2020092113
2020123023
2020110403
2020020507
2020102415
2020031215
2020020118
2020091611
2020022516
2020110205
2020061123
2020062403
2020050706
2020092608
2020062605
2020060607
2020071022
2020050507
2020090103
2020062504
2020092617
2020021806
2020030821
2020101710
2020071922
2020052123
2020070406
2020042500
2020081502
2020041101
2020112415
2020040909
2020071103
2020093006
2020101812
2020030711
2020040500
2020031801
2020070917
2020080519
2020033012
2020050501
2020092002
2020031001
2020012407
2020061807
2020011602
2020041916
2020081015
2020042710
2020050305
2020061716
2020031722
2020052507
2020022500
2020031014
2020061409
2020032007
2020051113
2020021101
2020012308
2020010914
2020062901
2020052922
2020091409
2020021506
2020051400
2020012321
2020062117
2020082007
2020102502
2020120822
2020122918
2020021204
2020111818
2020070918
2020041507
2020120816
2020021304
2020112311
2020020302
2020121812
2020111119
2020052517
2020051923
2020062520
2020102123
2020112304
2020091108
2020090812
2020100607
2020060312
2020041923
2020031912
2020120713
2020072614
2020010622
2020011702
2020102122
2020010314
2020102910
2020102512
2020021007
2020030509
2020082013
2020032822
2020022922
2020012001
2020080515
2020061515
2020022917
2020040316
2020100709
2020012016
2020041420
2020011201
2020080101
2020121613
2020101820
2020043016
2020070115
2020123107
2020050522
2020050816
2020061315
2020051323
2020033014
2020031007
2020052815
2020091317
2020082702
2020111601
2020120401
2020061901
2020111220
2020072116
2020081000
2020072711
2020102317
2020032808
2020103121
2020102505
2020060700
2020062108
2020071902
2020080303
2020081411
2020053112
2020071505
2020010106
2020062822
2020070709
2020021200
2020031502
2020050306
2020010422
2020060213
2020100221
2020042706
2020111821
2020020504
2020082622
2020111423
2020030204
2020082617
2020022713
2020022720
2020052807
2020121023
2020111609
2020111723
2020073018
2020032322
2020082907
2020041914
2020051320
2020010121
2020021511
2020091202
2020072910
2020102315
2020102020
2020072521
2020030315
2020020214
2020072411
2020011505
2020091908
2020052515
2020041014
2020060805
2020062617
2020070604
2020072015
2020111421
2020093020
2020041121
2020012800
2020091423
2020011307
2020122720
2020022521
2020111620
2020123101
2020081706
2020122321
2020091601
2020040619
2020072302
2020121204
2020031619
2020110809
2020052021
2020081008
2020081814
2020111520
2020021118
2019062020
2020122820
2020072703
2020120506
2020021201
2020091506
2020090605
2020042218
2020090107
2020122712
2020041323
2020111621
2020070103
2020022416
2020070905
2020121016
2020030303
2020100618
2020101019
2020012123
2020121521
2020061816
2020030516
2020030716
2020100109
2020101419
2020010217
2020062711
2020011302
2020081704
2020110722
2020110518
2020090401
2020032505
2020022312
2020081306
2020110605
2020063017
2020032723
2020100609
2020062812
2020082621
2020081908
2020020910
2020061415
2020092207
2020042715
2020090712
2020061612
2020012122
2020040702
2020041706
2020072608
2020042401
2020031613
2020032720
2020070621
2020080315
2020051507
2020100919
2020100505
2020101415
2020111415
2020010408
2020011612
2020031601
2020061012
2020112605
2020090211
2020101109
2020022523
2020091021
2020011813
2020013019
2020011300
2020042818
2020072120
2020100620
2020102721
2020082720
2020112818
2020012612
2020120301
2020032819
2020061917
2020081805
2020101100
2020113014
2020042618
2020032901
2020081813
2020102112
2020031213
2020011404
2020122416
2020081804
2020111212
2020011001
2020112603
2020050213
2020081305
2020010521
2020070211
2020081921
2018020200
2020033121
2020122602
2020030216
2020070615
2020110905
2020121620
2020123122
2020122502
2020101216
2020080812
2020073009
2020092423
2020010313
2020060614
2020061918
2020082706
2020012221
2020110506
2020031811
2020092111
2020010605
2020041608
2020010511
2020010818
2020102902
2020110122
2020090805
2020032712
2020050907
2020050113
2020032803
2020101209
2020082922
2020120209
2020103002
2020060923
2020100800
2020072416
2020122910
2020101803
2020050515
2020011908
2020031523
2020042116
2020031418
2020071203
2020121022
2020121312
2020011506
2020022422
2020040216
2020120100
2020032810
2020011619
2020112919
2020050803
2020121121
2020102615
2020090503
2020020419
2020022414
2020102410
2020081614
2020062216
2020081621
2020061908
2020052202
2020040304
2020062311
2020042601
2020020421
2020052921
2020082305
2020030618
2020071520
2020092717
2020080609
2020010309
2020011407
2020072804
2020022408
2020110902
2020090612
2020060518
2020092214
2020052822
2020100713
2020070113
2020012805
2020103103
2020122704
2020112323
2020030406
2020032101
2020121517
2020011305
2020081319
2020102823
2020040710
2020032222
2020082517
2020091019
2020022817
2020051321
2020020320
2020111915
2020102618
2020070614
2020072503
2020042608
2020051810
2020022506
2020102716
2020082902
2020032706
2020032620
2020112815
2020061100
2020032713
2020051301
2020102223
2020040910
2020042408
2020041118
2020110317
2020032400
2020101305
2020032609
2020021006
2020100710
2020062217
2020100414
2020080816
2020011523
2020042118
2020091608
2020112305
2020100701
2020081509
2020051101
2020011313
2020112414
2020062811
2020011911
2020070906
2020051910
2020052618
2020042304
2020041214
2020062115
2020040809
2020040102
2020102400
2020111806
2020092519
2020020821
2020071720
2020111717
2020032702
2020041909
2020081719
2020012306
2020011117
2020122406
2020091607
2020121115
2020080221
2020012205
2020030718
2020042903
2020071305
2020082709
2020082515
2020071820
2020110316
2020112812
2020120723
2020101603
2020120805
2020072702
2020110201
2020081703
2020080108
2020073111
2020022719
2020010211
2020032416
2020062308
2020091004
2020081304
2020053017
2020081414
2020120621
2020070802
2020080902
2020120917
2020041011
2020012823
2020061814
2020082002
2020021305
2020080411
2020120202
2020110622
2020052213
2020082206
2020102508
2020100702
2020061911
2020081718
2020063023
2020032514
2020032012
2020060502
2020121502
2020112322
2020061322
2020080913
2020080121
2020112711
2020101110
2020092112
2020091610
2020030304
2020072307
2020061714
2020081116
2020121305
2020022703
2020011311
2020031701
2020031305
2020072316
2020050822
2020121403
2020061207
2020071901
2020121710
2020120823
2020071106
2020111208
2020010410
2020081114
2020011806
2020071004
2020030205
2020112922
2020010317
2020100813
2020082408
2020010802
2020022204
2020081723
2020051013
2020010913
2020042616
2020100319
2020071903
2020111408
2020012002
2020022003
2020030202
2020111608
2020091714
2020110815
2020091307
2020121114
2020062302
2020011106
2020123119
2020081404
2020020706
2020071210
2020040209
2020072320
2020082220
2020011802
2020111222
2020011315
2020041317
2020052318
2020012820
2020120315
2020062112
2020011220
2020073023
2020101805
2020122916
2020032909
2020052916
2020080511
2020072722
2020080502
2020042102
2020121006
2020122203
2020021404
2020121322
2020072607
2020050102
2020050100
2020080313
2020022202
2020040408
2020022814
2020060105
2020031902
2020102009
2020032109
2020041510
2020042612
2020112308
2020031417
2020033015
2020033023
2020062122
2020012803
2020012208
2020050410
2020082917
2020051915
2020042308
2020051308
2020010400
2020091500
2020072108
2020051618
2020020401
2020032507
2020051808
2020071216
2020040901
2020062009
2020120500
2020121123
2020100918
2020093001
2020062106
2020031009
2020112622
2020011212
2020110206
2020022600
2020020100
2020012100
2020072010
2020081907
2020042411
2020112702
2020090804
2020092215
2020012907
2020030615
2020040206
2020020813
2020010520
2020081901
2020121223
2020120403
2020042010
2020081408
2020071509
2020093018
2020091018
2020120309
2020021514
2020030704
2020091804
2020033021
2020042306
2020073113
2020012006
2020010609
2020110505
2020112905
2020121000
2020080113
2020020200
2020070120
2020052010
2020121516
2020070914
2020020610
2020062900
2020081711
2020031708
2020021920
2020030207
2020111213
2020111314
2020090502
2020101105
2020092815
2020071310
2020083016
2020112204
2020050923
2020100103
2020121110
2020052114
2020060309
2020022007
2020060307
2020022821
2020061704
2020042821
2020030201
2020122123
2020080620
2020082616
2020082109
2020110604
2020082618
2020040414
2020071614
2020072812
2020070707
2020111807
2020061319
2020021020
2020040208
2020122305
2020031422
2020060902
2020122323
2020111519
2020010223
2020121708
2020010519
2020101302
2020022811
2020092218
2020061604
2020081010
2020032218
2020091613
2020072810
2020061610
2020010723
2020072919
2020062604
2020053010
2020041718
2020122601
2020082108
2020081120
2020042213
2020110521
2019020206
2020110322
2020072714
2020111721
2020060111
2020082513
2020012709
2020080711
2020111104
2020071410
2020012807
2020110719
2020030418
2020053012
2020010801
2020071303
2020050211
2020011219
2020121208
2020031506
2020072006
2020052601
2020050820
2020070800
2020071017
2020010118
2020071011
2020022705
2020020523
2020091200
2020032213
2020041912
2020112519
2020031714
2020061711
2020041905
2020062016
2020011913
2020081617
2020091919
2020022618
2020092711
2020051417
2020120717
2020020414
2020112116
2020070208
2020021505
2020060303
2020060609
2020102119
2020081312
2020060222
2020040422
2020030601
2020070222
2020020817
2020092705
2020070303
2020051712
2020061306
2020091513
2020031423
2020081520
2020120916
2020022119
2020060806
2020013121
2020040202
2020110519
2020110114
2020051107
2020102405
2020030910
2020111021
2020101823
2020030705
2020061216
2020120120
2020092201
2020070108
2020050710
2020100409
2020122610
2020021510
2020042217
2020021420
2020022910
2020111315
2020061914
2020111317
2020041312
2020040900
2020112108
2020071111
2020072901
2020013122
2020040808
2020081519
2020010916
2020012523
2020102518
2020062620
2020090305
2020091818
2020110812
2020041921
2020042322
2020080805
2020120112
2020062400
2020051519
2020092903
2020052715
2020112313
2020072815
2020122719
2020123002
2020071504
2020030911
2020092508
2020072310
2020040310
2020030519
2020100801
2020060800
2020012204
2020110222
2020080514
2020060123
2020010122
2020100310
2020010512
2020063010
2020121522
2020061019
2020052104
2020011617
2020032501
2020022304
2020110221
2020120520
2020101906
2020041016
2020102120
2020022904
2020112813
2020083020
2020070602
2020090813
2020062721
2020103018
2020010209
2020032119
2020091820
2020120218
2020102813
2020060322
2020090704
2020012315
2020120410
2020092723
2020012514
2020013002
2020110901
2020100606
2020040200
2020042805
2020040507
2020071200
2020021708
2020012909
2020090206
2020032905
2020122923
2020120116
2020022217
2020111820
2020032921
2020073105
2020042609
2020031002
2020021718
2020071323
2020060802
2020031319
2020080918
2020041313
2020031008
2020031205
2020102701
2020080520
2020042416
2020071802
2020120912
2020073109
2020062012
2020123112
2020031312
2020042716
2020082612
2020060722
2020071517
2020010307
2020090303
2020062603
2020060905
2020092809
2020071806
2020092018
2020042420
2020112506
2020092103
2020092908
2020070111
2020091812
2020092920
2020051508
2020122403
2020012312
2020061521
2020052103
2020080112
2020112214
2020041606
2020123109
2020052516
2020052314
2020120702
2020052503
2020041322
2020111622
2020091811
2020111017
2020012508
2020030409
2020102019
2020061404
2020121814
2020040603
2020121600
2020053122
2020012610
2020071606
2020010401
2020122209
2020081510
2020071211
2020031718
2020062917
2020033117
2020061314
2020031115
2020092515
2020070319
2020102702
2020052007
2020032308
2020100608
2020040601
2020050700
2020100821
2020072112
2020012210
2020013114
2020112814
2020101017
2020040404
2020011202
2020013101
2020070320
2020041910
2020080302
2020011419
2020062614
2020030210
2020062722
2020100504
2020123013
2020111709
2020121801
2020021417
2020022519
2020051608
2020051118
2020070608
2020021216
2020103008
2020013023
2020010323
2020060406
2020070610
2020112021
2020082018
2020110418
2020031713
2020111522
2020083003
2020091413
2020120421
2020040913
2020011417
2020072009
2020061411
2020092403
2020011700
2020010300
2020012602
2020121511
2020080410
2020031515
2020031304
2020072802
2020072205
2020120800
2020102411
2020021114
2020071304
2020020305
2020050309
2020010114
2020020903
2020081204
2020072504
2020111903
2020043021
2020120213
2020042723
2020032700
2020061321
2020090510
2020012723
2020091519
2020081109
2020021414
2020011606
2020082119
2020063011
2020111422
2020010318
2020051606
2020072619
2020021606
2020042300
2020050705
2020091320
2020022104
2020112119
2020041600
2020011704
2020061420
2020051802
2020020616
2020071908
2020122703
2020101613
2020063013
2020050616
2020112718
2020020222
2020020121
2020041518
2020101404
2020071202
2020092612
2020102004
2020030721
2020022118
2020090301
2020122017
2020110517
2020072506
2020021704
2020030903
2020041915
2020072423
2020022008
2020050319
2020102121
2020081208
2020041715
2020051104
2020020503
2020012505
2020123018
2020012513
2020051206
2020011720
2020042922
2020011510
2020092523
2020080722
2020061502
2020092405
2020072914
2020102407
2020123115
2020060816
2020112103
2020101609
2020030121
2020060106
2020070209
2020062205
2020021915
2020072613
2020041918
2020013022
2020031020
2020070500
2020050809
2020083106
2020120200
2020100205
2020051100
2020062008
2020070215
2020041422
2020120921
2020100302
2020052906
2020062808
2020041408
2020122317
2020101620
2020082208
2020121703
2020021702
2020011705
2020052408
2020060618
2020122423
2020090717
2020110820
2020082420
2020101018
2020110810
2020033001
2020031903
2020071808
2020061806
2020051621
2020092411
2020030319
2020101117
2020030110
2020103114
2020100105
2020040810
2020102311
2020121804
2020103110
2020040605
2020092517
2020083001
2020030218
2020091013
2020041708
2020110915
2020122415
2020120416
2020032806
2020061213
2020120908
2020051207
2020110610
2020101104
2020010312
2020012715
2020121418
2020121218
2020022010
2020050401
2020110704
2020042908
2020060313
2020061307
2020111417
2020082417
2020110320
2020053009
2020021419
2020101801
2020101602
2020100705
2020090104
2020040313
2020101704
2020012913
2020122208
2020120109
2020083017
2020111909
2020091503
2020060710
2020071005
2020120720
2020110209
2020051410
2020060715
2020091318
2020092701
2020080310
2020122417
2020060519
2020110612
2020123012
2020102714
2020041022
2020020417
2020042904
2020042015
2020012214
2020062621
2020091121
2020062919
2020032107
2020091314
2020111409
2020121117
2020031607
2020121118
2020043020
2020041303
2020051316
2020041720
2020112022
2019042020
2020050905
2020120905
2020070618
2020092202
2020021517
2020080218
2020122911
2020030310
2020041704
2020100510
2020082110
2020031904
2020022214
2020030106
2020102310
2020101004
2020092719
2020102213
2020070717
2020010104
2020040308
2020081308
2020040401
2020072407
2020082121
2020032619
2020072404
2020012903
2020121617
2020091323
2020072410
2020100812
2020121907
2020121722
2020011016
2020093003
2020050909
2020031617
2020072121
2020072222
2020090405
2020060814
2020091619
2020110212
2020120515
2020111901
2020052414
2020073110
2020043017
2020010510
2020112015
2020060104
2020032801
2020011503
2020072701
2020110922
2020090706
2020090210
2020070718
2020100815
2020080907
2020050120
2020051213
2020071506
2020080408
2020081603
2020062316
2020022423
2020120700
2020042122
2020010302
2020021804
2020012717
2020092302
2020122010
2020112110
2020061608
2020120207
2020063006
2020061302
2020090906
2020111009
2020081517
2020071604
2020051822
2020050911
2020091916
2020070312
2020091310
2020031212
2020061313
2020081117
2020042808
2020092807
2020092607
2020041721
2020022107
2020062819
2020012309
2020102801
2020070916
2020063007
2020040720
2020111908
2020032519
2020011006
2020022718
2020040709
2020062323
2020102321
2020070221
2020042506
2020103102
2020111610
2020031320
2020022511
2020101218
2020122100
2020011410
2020021219
2020112105
2020120418
2020122108
2020031807
2020022501
2020101012
2020011109
2020092712
2020070613
2020061106
2020082409
2020042016
2020021905
2020090604
2020090122
2020072507
2020020307
2020103006
2020052209
2020070412
2020080714
2020072514
2020121008
2020062003
2020092718
2020032902
2020053100
2020031114
2020032915
2020110819
2020012405
2020101917
2020111303
2020062509
2020020201
2020032911
2020120812
2020052702
2020111813
2020082914
2020091104
2020041508
2020122708
2020021314
2020111508
2020040220
2020051610
2020072913
2020122513
2020071406
2020052808
2020071417
2020020800
2020101308
2020110406
2020012419
2020071912
2020071707
2020110602
2020091118
2020010610
2020102700
2020060921
2020050922
2020111718
2020121210
2020101204
2020060410
2020060601
2020101016
2020061407
2020080301
2020041709
2020011310
2020062821
2020121402
2020112201
2020092003
2020082304
2020082814
2020031704
2020092119
2020052805
2020082505
2020010906
2020052501
2020050823
2020042918
2020120121
2020112811
2020020922
2020040402
2020032807
2020032323
2020072814
2020072109
2020101002
2020101809
2020101612
2020032421
2020030713
2020051109
2020010311
2020053118
2020032615
2020090621
2020071307
2020032002
2020010421
2020011213
2020092600
2020010111
2020062414
2020091505
2020033009
2020051119
2020052219
2020062121
2020031323
2020042412
2020091002
2020080720
2020081900
2020111023
2020112714
2020013003
2020042205
2020121720
2020120514
2020123020
2020021307
2020110920
2020052604
2020010700
2020052522
2020053107
2020022514
2020101409
2020103106
2020060812
2020092101
2020092811
2020121909
2020121904
2020091306
2020051906
2020011706
2020020410
2020090516
2020031118
2020083018
2020062923
2020020411
2020071618
2020120103
2020102609
2020032402
2020082711
2020110305
2020092001
2020020715
2020030309
2020071008
2020022017
2020071012
2020111022
2020052122
2020021803
2020092621
2020101401
2020032603
2020081213
2020081223
2020121009
2020101510
2020082202
2020052611
2020041701
2020122004
2020052311
2020121407
2020020708
2020110504
2020101919
2020110507
2020090916
2020053023
2020031122
2020041114
2020101114
2020072508
2020071713
2020060721
2020050301
2020100920
2020021107
2020061616
2020101022
2020122723
2020040312
2020031116
2020101408
2020010811
2020012420
2020071117
2020010110
2020081413
2020031315
2020070302
2020031900
2020051006
2020082703
2020051620
2020022412
2020071909
2020100516
2020060803
2020030119
2020080418
2020051909
2020083010
2020073121
2018120200
2020070313
2020022508
2020090113
2020062710
2020091412
2020070414
2020070622
2020112501
2020111511
2020011421
2020090802
2020050906
2020101008
2020081902
2020030820
2020071821
2020060320
2020100806
2020010417
2020053104
2020101001
2020071100
2020090506
2020012716
2020110207
2020090114
2020051216
2020032618
2020011604
2020041714
2020110511
2020012704
2020121520
2020101716
2020041223
2020103113
2020032616
2020100305
2020062405
2020051108
2020102800
2020031408
2020012603
2020070106
2020060515
2020021509
2020042321
2020010809
2020120407
2020031412
2020040819
2020042305
2020120222
2020040611
2020011003
2020032123
2020100700
2020041502
2019032020
2020100413
2020090703
2020021705
2020113021
2020051020
2020020717
2020100420
2020010517
2020123003
2020120718
2020041620
2020052220
2020081808
2020042606
2020032811
2020113008
2020120907
2020111615
2020092613
2020051102
2020042822
2020050806
2020113001
2020050500
2020092006
2020050109
2020021707
2020091710
2020011412
2020061320
2020092415
2020101123
2020042721
2020052217
2020051116
2020052400
2020022801
2020021121
2020091700
2020041103
2020120519
2020031922
2020050404
2020091806
2020070407
2020070207
2020062608
2020031711
2020120503
2020052215
2020052109
2020040718
2020010907
2020102520
2020062206
2020052420
2020080917
2020041922
2020112222
2020061220
2020082406
2020050502
2020071600
2020030712
2020122221
2020122110
2020021820
2020051218
2020020517
2020070603
2020082200
2020111603
2020050921
2020121113
2020021508
2020100711
2020032306
2020112009
2020090623
2020041509
2020071308
2020081216
2020041123
2020100916
2020060403
2020110523
2020101501
2020091006
2020010816
2020060718
2020091808
2020092505
2020030522
2020032408
2020013115
2020060719
2020092323
2020120901
2020111020
2020070205
2020060110
2020092521
2020012101
2020103012
2020110423
2020090917
2020102403
2020061114
2020021301
2020111922
2020071121
2020120310
2020101722
2020060704
2020112823
2020050800
2020060706
2020010402
2020081202
2020110217
2020081802
2020070514
2020022205
2020042111
2020071015
2020120708
2020101222
2020113004
2020031022
2020071023
2020012904
2020112820
2020051000
2020121518
2020012703
2020041619
2020111313
2020102712
2020101400
2020090607
2020121919
2020120813
2020051718
2020090220
2020042501
2020110202
2020010109
2020090120
2020112703
2020080322
2020072209
2020011709
2020091518
2020061717
2020080823
2020081815
2020032918
2020052502
2020071317
2020051820
2020062619
2020120504
2020021004
2020090423
2020060505
2020092706
2020010215
2020112320
2020091301
2020060506
2020030905
2020121712
2020092206
2020061408
2020062607
2020061023
2020061905
2020011507
2020080107
2020092017
2020041711
2020012316
2020042817
2020100720
2020050610
2020022314
2020122206
2020070716
2020042004
2020122907
2020012201
2020081005
2020120517
2020031823
2020101507
2020072314
2020100904
2020080209
2020081405
2020082611
2020011105
2020121020
2020041308
2020021617
2020022700
2020012503
2020113002
2020060315
2020122509
2020042907
2020040417
2020122307
2020092713
2020120408
2020071719
2020111402
2020073001
2020111011
2020020714
2020110119
2020032613
2020081919
2020020321
2020112121
2020091113
2020100622
2020102720
2020111703
2020122009
2020090404
2020070606
2020051313
2020082423
2020101411
2020041001
2020041506
2020041903
2020011104
2020042600
2020011110
2020120623
2020090123
2020053015
2020021109
2020121120
2020012906
2020082502
2020032000
2020020511
2020090311
2020101119
2020080715
2020080414
2020102919
2020021202
2020111016
2020050304
2020110314
2020090723
2020060911
2020102110
2020121108
2020072904
2020020311
2020090603
2020101709
2020042911
2020080413
2020012019
2020062704
2020030212
2020060807
2020092223
2020091813
2020110800
2020042314
2020092307
2020121412
2020091011
2020032303
2020090918
2020090117
2020060907
2020050505
2020032815
2020102916
2020051406
2020100112
2020100320
2020022100
2020071503
2020082118
2020031120
2020041208
2020091723
2020011714
2020012020
2020110416
2020091501
2020091110
2020042204
2020050403
2020051214
2020120902
2020050914
2020031316
2020052415
2020072616
2020060408
2020062709
2020120306
2020032305
2020061201
2020011811
2020111907
2020121019
2020022503
2020091322
2020071019
2020102817
2020042523
2020091807
2020090806
2020042117
2020111221
2020112318
2020042613
2020090909
2020013119
2020112510
2020010719
2020070308
2020042916
2020022305
2020030100
2020110707
2020031602
2020052801
2020091405
2020062318
2020042114
2020051811
2020072311
2020101112
2020060308
2020081007
2020010920
2020091212
2020082913
2020101207
2020032417
2020100704
2020112803
2020031112
2020091215
2020102906
2020062119
2020050702
2020091622
2020011723
2020111110
2020060116
2020122504
2020093002
2020021614
2020081616
2020020208
2020032516
2020021002
2020070706
2020063008
2020081421
2020022608
2020083111
2020113011
2020070920
2020111400
2020042423
2020080215
2020011004
2020030214
2020042720
2020011316
2020060206
2020071921
2020040607
2020081401
2020112411
2020090402
2020102220
2020091008
2020011903
2020050212
2020032703
2020060521
2020111109
2020110620
2020091523
2020022212
2020011008
2020110615
2020032607
2020041200
2020100301
2020011715
2020031400
2020040513
2020081923
2020051002
2020050101
2020042313
2020051004
2020041017
2020091313
2020081020
2020032017
2020011623
2019120207
2020081507
2020061920
2020062410
2020052514
2020110713
2020050903
2020051200
2020070823
2020031907
2020121510
2020011608
2020051105
2020083013
2020021512
2020011009
2020020512
2020072100
2020020801
2020122407
2020021316
2020082210
2020102619
2020032202
2020031707
2020061916
2020072920
2020051123
2020102221
2020052108
2020062307
2020042310
2020110807
2020031207
2020123016
2020041108
2020020405
2020122514
2020052710
2020012811
2020010506
2020112817
2020092500
2020030105
2020112805
2020093016
2020032309
2020010922
2020050323
2020112908
2020052204
2020061001
2020111600
2020081515
2020032022
2020111716
2020111516
2020072111
2020030603
2020110414
2020021602
2020011511
2020011203
2020012710
2020081801
2020061720
2020021013
2020091209
2020102901
2020102623
2020033115
2020112600
2020091407
2020091911
2020042200
2020111218
2020110514
2020103117
2020100521
2020122218
2020032210
2020092918
2020040406
2020030311
2020031403
2020043006
2020120507
2020092008
2020123017
2020011518
2020020605
2020010101
2020102214
2020011416
2020052717
2020061018
2020102514
2020012515
2020101407
2020032100
2020012605
2020010819
2020072808
2020061706
2020112713
2020102007
2020052723
2020080102
2020010107
2020091705
2020052120
2020012023
2020080509
2020092118
2020090507
2020052418
2020081806
2020062601
2020112904
2020040400
2020062514
2020100913
2020111605
2020081514
2020110520
2020011418
2020080119
2020042521
2020011500
2020071817
2020051505
2020031409
2020110717
2020061507
2020111003
2020101122
2020090601
2020071302
2020101604
2020072003
2020091417
2020111318
2020072216
2020020602
2020032300
2020022114
2020120300
2020121910
2020070508
2020102614
2020082104
2020030120
2020103001
2020032818
2020053019
2020102015
2020102710
2020102503
2020091904
2020071223
2020111406
2020091101
2020052001
2020071611
2020081108
2020101412
2020073010
2020120821
2020073016
2020051701
2020070402
2020040412
2020082820
2020102704
2020122114
2020051414
2020100723
2020010604
2020121901
2020050819
2020060304
2020022510
2020030200
2020103000
2020122014
2020091210
2020123019
2020122812
2020031615
2020091420
2020101113
2020110904
2020122612
2020111708
2020122819
2020091023
2020090214
2020062018
2020091816
2020081406
2020010611
2020080213
2020081909
2020040516
2020042614
2020062102
2020040201
2020121505
2020012815
2020120619
2020020408
2020012015
2020112511
2020100722
2020112114
2020083103
2020030823
2020020612
2020041901
2020081713
2020020104
2020011102
2020012117
2020120114
2020123001
2020031211
2020010711
2020102215
2020032906
2020070907
2020040822
2020042619
2020090106
2020112609
2020101504
2020041516
2020071803
2020071900
2020020807
2020032203
2020072822
2020011114
2020051509
2020101918
2020012116
2020100501
2020012103
2020080117
2020022909
2020041603
2020100308
2020092616
2020011804
2020072417
2020010321
2020021918
2020061304
2020011021
2020052901
2020030217
2020062910
2020072707
2020011304
2020052721
2020012507
2020021516
2020021019
2020032512
2020103020
2020090422
2020011512
2020122604
2020090823
2020061607
2020111323
2020022019
2020122613
2020100716
2020020820
2020040419
2020112319
2020040410
2020060217
2020090302
2020060317
2020011405
2020062317
2020090618
2020031710
2020011121
2020050904
2020012215
2020101020
2020070322
2020092310
2020092502
2020081022
2020092422
2020122520
2020112120
2020012222
2020070311
2020090911
2020050523
2020101102
2020031906
2020101107
2020080922
2020102601
2020122002
2020082207
2020082422
2020021413
2020072611
2020121918
2020021612
2020012323
2020122716
2020081613
2020040120
2020012812
2020011610
2020112109
2020071915
2020012105
2020062511
2020070100
2020121315
2020090522
2020051312
2020120914
2020033002
2020081300
2020070620
2020011402
2020060121
2020022108
2020050915
2020111811
2020060801
2020103011
2020110118
2020061713
2020102819
2020020615
2020032708
2020062719
2020120607
2020122001
2020110600
2020113018
2020081715
2020110302
2020122021
2020030402
2020122805
2020082001
2020092514
2020040407
2020112503
2020081423
2020111203
2020091218
2020011509
2020022112
2020031200
2020010722
2020050206
2020122622
2020092923
2020062516
2020010319
2020042605
2020060811
2020021902
2020042209
2020010909
2020080523
2020083108
2020051205
2020081810
2020092313
2020020508
2020062804
2020110522
2020091319
2020021805
2020011815
2020122405
2020052911
2020040311
2020102600
2020071712
2020110805
2020070704
2020012902
2020091403
2020041611
2020080708
2020013123
2020092513
2020081712
2020110910
2020061008
2020110515
2020021222
2020022405
2020012510
2020031216
2020020718
2020022622
2020090620
2020082821
2020091204
2020012014
2020072818
2020062517
2020120911
2020082003
2020050313
2020050513
2020092816
2020032621
2020061712
2020072520
2020101817
2020090408
2020110219
2020020823
2020060808
2020070201
2020070522
2020101902
2020041703
2020071306
2020010218
2020122609
2020030622
2020061007
2020082205
2020040814
2020092606
2020032907
2020051616
2020052203
2020010423
2020111500
2020040606
2020072210
2020081412
2020100402
2020032611
2020101015
2020112512
2020071823
2020061301
2020102907
2020110300
2020092023
2020070118
2020110421
2020032411
2020082120
2020061316
2020011005
2020040321
2020102705
2020100617
2020071107
2020092803
2020080706
2020051605
2020020206
2020051310
2020070605
2020082221
2020081009
2020052002
2020032715
2020100604
2020101611
2020053101
2020070923
2020112502
2020082613
2020032112
2020091216
2020012300
2020032821
2020012415
2020031822
2020110411
2020102613
2020112902
2020040305
2020021808
2020051916
2020060305
2020011516
2020100822
2020052119
2020051901
2020010602
2020101615
2020061021
2020052221
2020010222
2020071819
2020020223
2020100220
2020020618
2020072923
2020122717
2020092319
2020110501
2020020123
2020052003
2020041622
2020122109
2020021208
2020011620
2020121003
2020042816
2020091211
2020121809
2020042713
2020021601
2020052914
2020060205
2020101304
2020061209
2020041012
2020032020
2020082619
2020112219
2020051215
2020072718
2020041316
2020052519
2020100110
2020012900
2020012408
2020073014
2020022323
2020091903
2020110908
2020061723
2020041222
2020022013
2020030302
2020122207
2020042110
2020061618
2020062801
2020122913
2020080118
2020112417
2020050201
2020052708
2020102208
2020021317
2020060207
2020102314
2020090905
2020112420
2020040604
2020101210
2020111900
2020011520
2020022302
2020121217
2020090700
2020091821
2020123008
2020103115
2020022609
2020100807
2020092322
2020110216
2020100211
2020020412
2020101413
2020012617
2020031100
2020022610
2020072509
2020120716
2020011023
2020082911
2020010407
2020053005
2020040815
2020121416
2020112102
2020042823
2020050218
2020042311
2020062703
2020040511
2020050418
2020070306
2020081920
2020050217
2020022606
2020041218
2020072907
2020020205
2020050802
2020031815
2020111923
2020072022
2020082815
2020051714
2020021618
2020050703
2020061406
2020041601
2020053000
2020081212
2020071809
2020082715
2020020313
2020050111
2020012616
2020051419
2020061400
2020122304
2020061516
2020090200
2020062616
2020041119
2020041409
2020050612
2020050715
2020051706
2020031700
2020042917
2020040602
2020062815
2020021308
2020031107
2020020919
2020031721
2020112522
2020121512
2020090509
2020031806
2020012722
2020061910
2020110608
2020101617
2020061113
2020091623
2020071523
2020021623
2020072207
2020042221
2020050121
2020061708
2020041400
2020062611
2020121421
2020090207
2020030300
2020102416
2020022604
2020012810
2020070415
2020110921
2020111507
2020061700
2020092421
2020013005
2020121405
2020042121
2020020407
2020040813
2020102517
2020091912
2020022109
2020050315
2020060211
2020020413
2020081511
2020120511
2020062701
2020072717
2020072402
2020090500
2020110512
2020030301
2020092801
2020070807
2020091507
2020050609
2020062319
2020091321
2020052305
2020091717
2020081012
2020011605
2020090413
2020082812
2020122715
2020091509
2020062602
2020081317
2020020611
2020071716
2020031015
2020021313
2020033019
2020021110
2020112800
2020022900
2020082317
2020022614
2020090800
2020052909
2020031004
2020090915
2020100703
2020030906
2020102616
2020032904
2020100410
2020102002
2020052016
2020102008
2020122821
2020100123
2020060120
2020052722
2020111219
2020112500
2020081809
2020041309
2020121711
2020041314
2020021720
2020100412
2020121104
2020032504
2020092320
2020041000
2020062920
2020070810
2020112809
2020032409
2020122811
2020090608
2020100610
2020050821
2020082714
2020050112
2020012102
2020052205
2020021910
2020013111
2020021817
2020100611
2020091416
2020013110
2020083104
2020112517
2020042902
2020110313
2020102607
2020083012
2020080619
2020032219
2020033112
2020121610
2020050818
2020102206
2020011919
2020051012
2020090517
2020060600
2020010320
2020092609
2020102301
2020071617
2020041410
2020043004
2020120217
2020061104
2020010810
2020100200
2020041210
2020082508
2020032917
2020121410
2020112708
2020082320
2020042709
2020022918
2020110618
2020070501
2020100117
2020010910
2020032319
2020041511
2020071415
2020070300
2020121920
2020122412
2020111305
2020012920
2020042620
2020071904
2020071018
2020020318
2020040620
2020051705
2020092305
2020071715
2020022805
2020020406
2020122901
2020010800
2020072412
2020040703
2020011319
2020070600
2020082402
2020053007
2020121420
2020122400
2020101000
2020011613
2020071609
2020073019
2020081922
2020021205
2020082209
2020062200
2020010413
2020042216
2020022916
2020062723
2020010704
2020061414
2020100421
2020060620
2020091800
2020020501
2020032403
2020111300
2020063016
2020030505
2020050602
2020070217
2020041618
2020080623
2020112606
2020080516
2020052404
2020091716
2020082211
2020020704
2020112113
2020071402
2020042105
2020020722
2020080713
2020122220
2020123121
2020083105
2020102216
2020082609
2020052617
2020040711
2020040600
2020030804
2020061922
2020051504
2020081422
2020031500
2020081318
2020051201
2020102103
2020090108
2020011116
2020062019
2020033113
2020042512
2020040914
2020042404
2020062814
2020102908
2020110923
2020101905
2020051402
2020081217
2020072103
2020122005
2020091817
2020100423
2020122212
2020011314
2020060300
2020100306
2020042101
2020061821
2020112301
2020030306
2020052017
2020012622
2020091810
2020031511
2020052518
2020042403
2020120518
2020071807
2020021909
2020112712
2020112314
2020062111
2020062802
2020121119
2020050312
2020121413
2020051018
2020092615
2020061115
2020033119
2020032820
2020100602
2020042923
2020021217
2020031006
2020020316
2020091803
2020013118
2020111822
2020091910
2020053013
2020062312
2020062913
2020032320
2020082106
2020060509
2020062618
2020061902
2020020700
2020082910
2020123103
2020041002
2020022101
2020090903
2020042704
2020101715
2020111602
2020011716
2020091902
2020102816
2020032209
2020052006
2020020319
2020110107
2020021016
2020022520
2020110703
2020031204
2020081021
2020072220
2020061309
2020110903
2020082405
2020051503
2020092108
2020101911
2020100111
2020040717
2020101814
2020102715
2020051522
2020021120
2020122608
2020011207
2020061308
2020030314
2020061907
2020091713
2020061514
2020041006
2020091907
2020042223
2020092308
2020092221
2020102100
2020010200
2020052908
2020072007
2020041705
2020092317
2020033004
2020070713
2020061219
2020020818
2020031905
2020050815
2020073100
2020101605
2020032220
2020040423
2020010415
2020112018
2020012416
2020122700
2020082312
2020062011
2020060520
2020060423
2019112020
2020011800
2020100810
2020032215
2020101006
2020071420
2020040302
2020082020
2020051114
2020051918
2020043010
2020082416
2020052200
2020100816
2020042407
2020090209
2020091020
2020082323
2020012721
2020072106
2020080911
2020101217
2020121300
2020031104
2020112023
2020102913
2020071213
2020080610
2020121508
2020030720
2020011318
2020062806
2020021622
2020021812
2020091515
2020082101
2020080821
2020111000
2020021112
2020111113
2020052100
2020010523
2020082818
2020061511
2020020604
2020091414
2020081220
2020093000
2020010419
2020071217
2020010709
2020102401
2020053021
2020110117
2020122804
2020113020
2020081018
2020111311
2020042007
2020111209
2020072511
2020112721
2020121805
2020082223
2020040122
2020061707
2020092716
2020122219
2020092620
2020012111
2020032716
2020021610
2020091415
2020120817
2020032313
2020020622
2020071109
2020021005
2020040519
2020052407
2020033016
2020091704
2020080701
2020032212
2020052402
2020101623
2020051819
2020091712
2020100113
2020042607
2020051300
2020071123
2020092800
2020083123
2020032019
2020050106
2020042400
2020080513
2020120707
2020082412
2020042801
2020031021
2020030103
2020020916
2020061011
2020050407
2020051110
2020070521
2020122422
2020011112
2020032103
2020072617
2020122617
2020042203
2020080704
2020020603
2020050300
2020122619
2020071300
2020110616
2020120605
2020072406
2020081400
2020061419
2020111200
2020112220
2020070617
2020080412
2020071220
2020123010
2020081407
2020111510
2020082623
2020121007
2020042522
2020022708
2020122411
2020060500
2020022410
2020120412
2020100804
2020091517
2020101010
2020012501
2020040523
2020042905
2020081503
2020121608
2020080614
2020050221
2020111122
2020071207
2020100317
2020050718
2020031604
2020061016
2020120508
2020091718
2020050321
2020121807
2020061903
2020081307
2020061010
2020080104
2020090519
2020072622
2020030723
2020121107
2020052310
2020122501
2020100803
2020092205
2020081822
2020071801
2020022722
2020041320
2020042814
2020013018
2020071007
2020111403
2020101701
2020092818
2020051315
2020072623
2020102803
2020082604
2020021710
2020021303
2020091103
2020100708
2020092117
2020090100
2020010815
2020122616
2020091119
2020060409
2020092618
2020111310
2019120203
2020041300
2020071813
2020081611
2020010315
2020120316
2020011710
2020082302
2020092314
2020021919
2020071401
2020090709
2020070513
2020032102
2020083004
2020041105
2020102709
2020021911
2020102920
2020120411
2020102305
2020080203
2020082807
2020070409
2020010900
2020120304
2020112709
2020070423
2020010518
2020052603
2020061403
2020101320
2020050900
2020031109
2020072005
2020112612
2020100415
2020022723
2020100717
2020022605
2020122120
2020022313
2020121321
2020082401
2020041707
2020010911
2019122020
2020010100
2020031814
2020052818
2020092021
2020081215
2020082008
2020082103
2020012219
2020083109
2020061118
2020080403
2020031706
2020080319
2020080622
2020091010
2020063018
2020100502
2020051112
2020080621
2020021700
2020121122
2020011123
2020040716
2020103010
2020021021
2020123111
2020093012
2020012705
2020040622
2020040610
2020052613
2020082301
2020092114
2020060703
2020111304
2020090815
2020070417
2020073112
2020091618
2020072413
2020011420
2020110311
2020012611
2020062202
2020080910
2020071510
2020011408
2020122705
2020080211
2020041417
2020050311
2020112006
2020042103
2020072203
2020092922
2020081203
2020100921
2020010103
2020020209
2020070206
2020093005
2020121700
2020091522
2020032805
2020011413
2020013007
2020031709
2020041712
2020051120
2020070821
2020111312
2020072922
2020031011
2020081316
2020110312
2020072020
2020082504
2020112822
2020072213
2020053008
2020070210
2020113009
2020081521
2020120801
2020120303
2020080705
2020043011
2020091117
2020042701
2020081013
2020053110
2020031919
2020100719
2020071215
2020080517
2020092104
2020020620
2020032522
2020021315
2020120415
2020060416
2020061222
2020071013
2020101220
2020111014
2020033116
2020091600
2020042700
2020041315
2020111521
2020112906
2020123014
2020010621
2020070122
2020112217
2020112507
2020011119
2020062416
2020081807
2020041501
2020083021
2020060815
2020070723
2020041007
2020112722
2020031105
2020122419
2020070711
2020030900
2020080223
2020011900
2020080321
2020060311
2020012921
2020112413
2020052201
2020010204
2020060503
2020070112
2020080510
2020041205
2020122308
2020061601
2020010203
2020070405
2020112720
2020080114
2020070117
2020103118
2020120206
2020110911
2020052802
2020122116
2020121913
2020100715
2020072813
2020090518
2020032608
2020100922
2020032310
2020011814
2020010116
2020081416
2020100419
2020061310
2020122217
2020060723
2020090615
2020050200
2020082708
2020011208
2020101903
2020112806
2020012322
2020030606
2020121320
2020012011
2020102000
2020080912
2020080522
2020042810
2020011906
2020073114
2020090907
2020111613
2017120206
2020082410
2020091016
2020080304
2020111713
2020040811
2020070104
2020051405
2020011309
2020120110
2020092511
2020102304
2020112117
2020111715
2020112910
2020120903
2020051711
2020031703
2020030610
2020112209
2020021218
2020102917
2020011218
2020050519
2020013013
2020021818
2020101108
2020043002
2020010505
2020030800
2019020200
2020032113
2020112610
2020121519
2020042106
2020010416
2020021520
2020062203
2020080508
2020060913
2020021619
2020091514
2020030714
2020080716
2020033101
2020022311
2020100100
2020120704
2020010304
2020082614
2020101316
2020111309
2020100318
2020052216
2020122118
2020090412
2020060101
2020033114
2020060920
2020100517
2020021113
2020051306
2020081206
2020091208
2020050210
2020052803
2020100512
2020122312
2020111306
2020122709
2020050110
2020032115
2020051919
2020050623
2020073108
2020062103
2019092020
2020111917
2020041113
2020040907
2020061005
2020080505
2020122420
2020031402
2020030322
2020072708
2020041215
2020021809
2020012200
2020070710
2020042913
2020011118
2020031820
2020071907
2020082114
2020040802
2020122318
2020092614
2020012114
2020060401
2020020122
2020070601
2020041919
2020051723
2020050713
2020042915
2020021901
2020022617
2020062505
2020110412
2020022320
2020091614
2020061705
2020011719
2020011301
2020013113
2020082908
2020042813
2020022012
2020022404
2020032003
2020042005
2020041602
2020042023
2020052706
2020092301
2020061200
2020042802
2020081717
2020060210
2020060612
2020021810
2020010821
2020071613
2020090105
2020122707
2020102812
2020032914
2020032617
2020070316
2020071219
2020081504
2020032511
2020020619
2020042214
2020051707
2020122410
2020030508
2020082805
2020091406
2020032600
2020042509
2020041203
2020050417
2020091207
2020051015
2020112700
2020081112
2020052115
2020091801
2020070507
2020051409
2020112618
2020120220
2020052303
2020062805
2020020913
2020041906
2020120119
2020050611
2020031406
2020091315
2020091603
2020072419
2020040904
2020030307
2020031106
2020092806
2020012613
2020091022
2020020211
2020112913
2020021104
2020110706
2020022111
2020010119
2020100707
2020122314
2020080207
2020091913
2020061318
2020112807
2020091609
2020060400
2020010508
2020082522
2020012816
2020111307
2020030122
2020121211
2020070203
2020082717
2020011217
2020100422
2020093011
2020031917
2020010919
2020040411
2020021912
2020101702
2020091017
2020110422
2020082116
2020081818
2020090221
2020042517
2020051823
2020100600
2020081812
2020090421
2020071514
2020112923
2020060407
2020061715
2020090714
2020080721
2020011015
2020102323
2020082019
2020101807
2020050613
2020012119
2020101910
2020112104
2020072418
2020060103
2019102020
2020052117
2020090614
2020061105
2020032315
2020062922
2020041107
2020102307
2020081321
2020050622
2020021418
2020090809
2020122523
2020070304
2020041616
2020091408
2020051202
2020022216
2020120104
2020050320
2020091721
2020071605
2020072403
2020082615
2020072113
2020110619
2020071622
2020080914
2020121800
2020020221
2020072512
2020032604
2020031210
2020040309
2020062211
2020090501
2020012619
2020021106
2020032701
2020092309
2020122505
2020041021
2020092216
2020121823
2020042711
2020102312
2020040923
2020013108
2020032410
2020122701
2020011111
2020043007
2020040903
2020111911
2020041612
2020022707
2020090711
2020072017
2020070904
2020012512
2020061412
2020013009
2020052312
2020091604
2020012005
2020092306
2020071913
2020061702
2020091404
2020101606
2020102313
2020111919
2020013015
2020052700
2020100917
2020120820
2020012504
2020102805
2020122823
2020061405
2020062409
2020040204
2020090900
2020042422
2020111802
2020071112
2020021100
2020020814
2020073017
2020050701
2020113003
2020061921
2020060404
2020033108
2020080405
2020012311
2020032412
2020081222
2020080518
2020070822
2020102005
2020083008
2020091612
2020120811
2020040112
2020012922
2020062708
2020033102
2020110606
2020082111
2020050814
2020052812
2020091819
2020070219
2020092419
2020122202
2020112317
2020122522
2020103105
2020090817
2020022507
2020080607
2020111012
2020020500
2020030321
2020122815
2020040116
2020012808
2020041318
2020020212
2020110516
2020112907
2020072013
2020031702
2020050716
2020013012
2020011508
2020041310
2020090310
2020022615
2020020711
2020030722
2020020312
2020011215
2020090902
2020031719
2020110821
2020012021
2020052018
2020111518
2020051513
2020082212
2020102807
2020082721
2020060917
2020020116
2020082501
2020031623
2020062615
2020010117
2020072110
2020021922
2020061605
2020070915
2020092401
2020101619
2020092912
2020062123
2020071916
2020061413
2020102303
2020012901
2020082300
2020021018
2020101311
2020110116
2020110218
2020110315
2020121202
2020031501
2020010120
2020080718
2020102414
2020020120
2020021012
2020101212
2020110907
2020120809
2020061300
2020021311
2020081106
2020101301
2020092219
2020082707
2020072219
2020062300
2020022420
2020102003
2020022310
2020020400
2020100401
2020050516
2020020907
2020012305
2020051600
2020103122
2020122119
2020040502
2020091300
2020070418
2020041702
2020082819
2020031101
2020020518
2020051903
2020071208
2020113015
2020081615
2020030613
2020121622
2020091917
2020051121
2020120715
2020121011
2020120604
2020061402
2020092823
2020122618
2020123113
2020050510
2020122003
2020051602
2020062823
2020052210
2020102218
2020070616
2020040319
2020112423
2020121206
2020050203
2020070216
2020090716
2020020702
2020121816
2020032517
2020103019
2020010502
2020032321
2020030112
2020120608
2020101712
2020102612
2020080903
2020040505
2020011222
2020100718
2020121207
2019052020
2020111506
2020032314
2020091410
2020101014
2020040403
2020112810
2020060421
2020051008
2020050215
2020062004
2020092604
2020051805
2020091709
2020111700
2020031016
2020012421
2020051719
2020021518
2020081906
2020122900
2020062116
2020022502
2020090204
2020052915
2020032418
2020072721
2020070818
2020101610
2020020317
2020120516
2020102209
2020111101
2020011703
2020020402
2020052816
2020072118
2020110106
2020111005
2020043023
2020101912
2020042804
2020051421
2020092808
2020031219
2020082804
2020111120
2020101901
2020031318
2020070700
2020091814
2020012422
2020102912
2020102923
2020080120
2020020309
2020120221
2020031303
2020052107
2020041913
2020111414
2020100915
2020010501
2020060904
2020102519
2020042410
2020040807
2020012821
2020070505
2020030213
2020123006
2020090512
2020011014
2020082216
2020072119
2020121911
2020060219
2020082322
2020122607
2020062523
2020022517
2020020217
2020040213
2020123009
2020040222
2020040323
2020011713
2020060100
2020081011
2020081002
2020081004
2020090316
2020022208
2020061801
2020041220
2020021410
2020121701
2020053003
2020111914
2020120108
2020030203
2020090116
2020070305
2020040706
2020100509
2020010418
2020112321
2020052319
2020032307
2020082107
2020011409
2020102811
2020090715
2020120313
2020120210
2020080208
2020070515
2020032014
2020051704
2020073103
2020080214
2020073101
2020052212
2020032913
2020111512
2020070213
2020123110
2020013106
2020112406
2020052105
2020021212
2020080806
2020060209
2020112020
2020022317
2020092013
2020100114
2020091001
2020041401
2020121817
2020030717
2020010214
2020092016
2020121116
2020090713
2020080116
2020112011
2020092919
2020042604
2018120206
2020041304
2020102113
2020011113
2020062501
2020053004
2020021914
2020081816
2020082704
2020080305
2020080309
2020032118
2020011317
2020071815
2020112012
2020123105
2020010615
2020053002
2020112911
2020100207
2020061203
2020041405
2020020710
2020010522
2020112019
2020022613
2020072105
2020090520
2020031606
2020020809
2020122023
2020030401
2020090505
2020062219
2020100108
2020082607
2020120910
2020110419
2020051809
2020022023
2020102506
2020051615
2020110900
2020060107
2020010714
2020100820
2020013112
2020030415
2020120617
2020061500
2020032922
2020102117
2020120819
2020020115
2020101021
2020080110
2020081123
2020022022
2020050813
2020050902
2019120205
2020050810
2020062906
2020121606
2020112223
2020010216
2020062215
2020051217
2020112620
2020020516
2020080810
2020050723
2020120803
2020051303
2020021917
2020043018
2020060513
2020112316
2020082414
2020030915
2020122020
2020082117
2020062816
2020011206
2020043009
2020081201
2020041020
2020071407
2020100408
2020121111
2020042312
2020073021
2020030808
2020101315
2020072605
2020071800
2020010411
2020092905
2020041023
2020061120
2020090613
2020100903
2020060422
2020070214
2020021015
2020121417
2020030916
2020011922
2020022213
2020070913
2020082606
2020091512
2020010513
2020021611
2020050514
2020062623
2020113000
2020121607
2020103021
2020031723
2020100923
2020012712
2020072706
2020060621
2020012112
2020121903
2020092418
2020012207
2020120400
2020082519
2020040617
2020080600
2020112723
2020010903
2020072502
2020040221
2020070701
2020101608
2020041109
2020060314
2020012017
2020052101
2020040705
2020012317
2020030414
2020120808
2020032605
2020112614
2020060411
2020120614
2020080501
2020103100
2020103116
2020081903
2020082713
2020040212
2020102104
2020030810
2020022307
2020032910
2020100307
2020100215
2020123011
2020032111
2020021908
2020072601
2020081419
2020071206
2020100615
2020031012
2020010500
2020072200
2020101007
2020033022
2020060108
2020083023
2020100120
2020112513
2020060823
2020092420
2020021323
2018020206
2020111301
2020121209
2020070611
2020113010
2020052321
2020071400
2020051515
2020121216
2020090409
2020110718
2020052919
2020050107
2020052403
2020011921
2020082308
2020071001
2020112211
2020012809
2020102204
2020013016
2020101808
2020120815
2020022812
2020050601
2020060220
2020082100
2020112716
2020011707
2020022413
2020041623
2020112112
2020031018
2020041219
2020012814
2020090309
2020061906
2020050708
2020111719
2020011019
2020030502
2020081214
2020040205
2020013104
2020121307
2020070900
2020061719
2020032722
2020012618
2020042021
2020031301
2020042104
2020032717
2020052814
2020121404
2020122606
2020112111
2020082021
2020060919
2020030222
2020080820
2020110611
2020102408
2020101711
2020063022
2020020921
2020071917
2020071703
2020122013
2020070901
2020052413
2020022103
2020011721
2020061317
2020083002
2020112921
2020120314
2020090216
2020120509
2020123123
2020010108
2020071501
2020010817
2020060610
2020080417
2020052004
2020113012
2020052823
2020040912
2020071906
2020072202
2020072719
2020062309
2020051716
2020051921
2020091901
2020072902
2020071422
2020070420
2020031306
2020091214
2020122714
2020020310
2020042319
2020012623
2020021422
2020060214
2020031203
2020070820
2020062417
2020121923
2020072516
2020022102
2020111808
2020022215
2020092107
2020102510
2020032714
2019120200
2020111805
2020071810
2020080601
2019120204
2020103004
2020031000
2020121821
2020070609
2020081911
2020020110
2020040918
2020062423
2020111604
2020082016
2020012500
2020041519
2020010807
2020122113
2020021402
2020091708
2020112804
2020053108
2020050618
2020082817
2020040818
2020092512
2020042202
2020081314
2020040416
2020022807
2020011513
2020110104
2020061013
2020090710
2020111906
2020051720
2020082203
2020052313
2020040816
2020102116
2020122508
2020110721
2020100416
2020050406
2020120212
2020072807
2020011803
2020052417
2020092720
2020071610
2020091722
2020050504
2020022403
2020101202
2020112123
2020042012
2020091123
2020022021
2020091419
2020020105
2020073123
2020082123
2020011701
2020072911
2020103112
2020112400
2020022623
2020121612
2020021621
2020061112
2020101804
2020071116
2020012412
2020062510
2020022322
2020012400
2020050908
2020060822
2020060820
2020081309
2020111611
2020021001
2020062322
2020112802
2020042309
2020052509
2020010205
2020110714
2020101512
2020042009
2020082219
2020011902
2020112101
2020021502
2020011817
2020060817
2020092910
2020101614
2020070805
2020051219
2020050512
2020121415
2020030708
2020100209
2020011214
2020092213
2020093004
2020022914
2020040820
2020071911
2020080919
2020100909
2020081311
2020121500
2020123005
2020122806
2020051911
2020101406
2020050709
2020072011
2020072709
2020092211
2020071419
2020010503
2020042302
2020052714
2020030223
2020051210
2020012911
2020020810
2020102219
2020112523
2020071905
2020071016
2020120115
2020113005
2020092120
2020060605
2020101321
2020011517
2020070902
2020022616
2020071301
2020011801
2020112106
2020073107
2020100515
2020090814
2020031221
2020090218
2020081701
2020112213
2020040723
2020052720
2020072415
2020032316
2020081500
2020101503
2020032406
2020081817
2020062422
2020062100
2020092707
2020011912
2020082822
2020111002
2020070119
2020012004
2020111205
2020041517
2020071507
2020110113
2020020816
2020032602
2019120206
2020082113
2020050302
2020101822
2020061110
2020040721
2020020803
2020112306
2020012919
2020042811
2020102918
2020081006
2020082313
2020121201
2020032405
2020062506
2020071616
2020021223
2020053119
2020081720
2020090205
2020052505
2020021022
2020030822
2020030107
2020100613
2020080308
2020121619
2020103016
2020041321
2020072723
2020091711
2020100303
2020011223
2020021008
2020052317
2020041917
2020012223
2020080400
2020092208
2020082923
2020110402
2020071717
2020030806
2020050605
2020101821
2020082418
2020102809
2020051717
2020032201
2020083015
2020102115
2020080106
2020072421
2020061909
2020051803
2020060321
2020071709
2020040303
2020070400
2020032802
2020041404
2020040104
2020053109
2020042413
2020012110
2020062315
2020091605
2020120203
2020041311
2020100503
2020110623
2020070703
2020072408
2020042414
2020061000
2020120117
2020080201
2020072323
2020012404
2020080904
2020021608
2020101003
2020010921
2020050219
2020020308
2020031603
2020113007
2020013011
2020011910
2020110609
2020102322
2020071805
2020082201
2020031503
2020021823
2020100213
2020112705
2020101616
2020120721
2020070509
2020032809
2020062114
2020010412
2020102914
2020080906
2020090119
2020121311
2020070801
2020080800
2020071014
2020110210
2020080612
2020071313
2020020514
2020091602
2020060602
2020122016
2020031017
2020031405
2020042421
2020090923
2020112405
2020062109
2020082415
2020051420
2020041104
2020080220
2020070804
2020121309
2020051220
2020091719
2020050423
2020022804
2020092300
2020030408
2020010406
2020092402
2020081612
2020100311
2020101106
2020042900
2020021800
2020020705
2020111905
2020120711
2020072014
2020100811
2020010713
2020020915
2020092915
2020061915
2020082810
2020072221
2020020901
2020101621
2020061603
2020051604
2020120205
2020092414
2020061804
2020021214
2020072204
2020111817
2020030411
2020011205
2020121203
2020082005
2020080311
2020061423
2020112218
2020100406
2020050720
2020083117
2020060717
2020012918
2020102114
2020070921
2020082009
2020021507
2020081207
2020012010
2020101706
2020121716
2020032420
2020070518
2020070321
2020090208
2020122802
2020062023
2020072803
2020010308
2020100902
2020121306
2020040713
2020052416
2020092400
2020081606
2020110919
2020060711
2020122614
2020040503
2020090508
2020050318
2020081819
2020102207
2020112715
2020030702
2020120308
2020122311
2020042518
2020082601
2020041419
2020120919
2020092410
2020081714
2020071414
2020112013
2020012000
2020120118
2020062210
2020090803
2020080921
2020071412
2020032302
2020010516
2020040508
2020091400
2020100212
2020121808
2020111513
2020090304
2020071322
2020121423
2020041302
2020092906
2020063001
2020071000
2020021407
2020111503
2020072104
2020103123
2020012212
2020020314
2020081609
2020112419
2020111823
2020012914
2020112516
2020112202
2020051413
2020062411
2020122915
2020120216
2020103009
2020122319
2020111814
2020061703
2020062418
2020051601
2020042406
2020070401
2020122320
2020060623
2020012916
2020031812
2020032011
2020100116
2020012203
2020022709
2020011812
2020120106
2020042315
2020010303
2020051521
2020072123
2020031023
2020031809
2020021319
2020120909
2020120712
2020101819
2020041615
2020101921
2020031715
2020080814
2020102300
2020072710
2020041414
2020072615
2020072720
2020072309
2020042108
2020050508
2020081618
2020030219
2020080316
2020042514
2020121602
2020011915
2020071714
2020061121
2020083120
2020081409
2020051404
2020061501
2020031209
2020060914
2020050920
2020073115
2020081115
2020060319
2020021409
2020031717
2020112412
2020081914
2020050506
2020111107
2020120906
2020100808
2020102306
2020101118
2020022522
2020071120
2020051203
2020081516
2020020719
2020082514
2020041008
2020071816
2020040106
2020093010
2020103017
2020062916
2020121609
2020090217
2020040420
2020020202
2020080909
2020060906
2020022201
2020031404
2020040211
2020121905
2020011609
2020021123
2020093009
2020041614
2020051314
2020050122
2020102713
2020112509
2020013017
2020091222
2020031921
2020090913
2020122205
2020081003
2020090810
2020052206
2020082316
2020031522
2020053105
2020102903
2020081301
2020081601
2020061611
2020032010
2020061006
2020112615
2020052419
2020082506
2020051009
2020051407
2020113019
2020041902
2020041904
2020060223
2020112920
2020031302
2020060901
2020061116
2020051609
2020081508
2020052621
2020040621
2020051103
2020092601
2020012318
2020050222
2020030819
2020090515
2020012819
2020022221
2020030512
2020111623
2020081209
2020080703
2020032206
2020070204
2020080210
2020100603
2020040114
2020120122
2020081522
2020051319
2020040317
2019120208
2020071321
2020021423
2020082900
2020082400
2020010707
2020020607
2020030917
2020032120
2020013014
2020081323
2020100217
2020081604
2020030209
2020081107
2020060112
2020042303
2020091309
2020052605
2020021115
2020101514
2020050520
2020062014
2020062817
2020052713
2020051117
2020030904
2020083019
2020031915
2020071619
2020090819
2020121921
2020022808
2020071408
2020120423
2020050503
2020011519
2020052902
2020110203
2020060208
2020040207
2020040817
2020053106
2020090300
2020091914
2020041003
2020092020
2020102102
2020042511
2020070708
2020083115
2020120215
2020121611
2020090407
2020082309
2020050805
2020091620
2020021209
2020050422
2020111201
2020092413
2020060712
2020100316
2020111418
2020122300
2020120505
2020103109
2020080312
2020041500
2020060603
2020121621
2020031307
2020021321
2020052704
2020022219
2020083006
2020042417
2020062810
2020102006
2020031918
2020110220
2020081915
2020030604
2020042020
2020022011
2020102101
2020090110
2020110214
2020111619
2020102105
2020061822
2020112418
2020111001
2020090321
2020022806
2020101312
2020050405
2020020109
2020112300
2020050420
2020012009
2020120807
2020031611
2020091823
2020021213
2020110306
2020101403
2020011914
2020101806
2020122721
2020082811
2020080822
2020071020
2020120123
2020031514
2020101300
2020062313
2020050714
2020110711
2020013000
2020050918
2020020918
2020101904
2020100523
2020062902
2020110310
2020080616
2020050707
2020123118
2020050804
2020082520
2020010515
2020012118
2020020806
2020062720
2020050204
2020062818
2020040512
2020073122
2020030308
2020031010
2020090504
2020060900
2020072102
2020091701
2020032116
2020010616
2020111501
2020082521
2020080817
2020101011
2020051800
2020021122
2020012220
2020080318
2020092904
2020112717
2020072208
2020111319
2019120209
2020041120
2020071115
2020120622
2020020416
2020110723
2020031908
2020030605
2020051807
2020021904
2020081113
2020030922
2020010716
2020030520
2020010822
2020041908
2020072308
2020050511
2020072800
2020112917
2020092901
2020100222
2020101907
2020051017
2020010917
2020021616
2020090811
2020101423
2020092316
2020101120
2020080617
2020060918
2020031819
2020051007
2020021103
2020012620
2020090222
2020083121
2020021822
2020040509
2020031300
2020013116
2020032623
2020082507
2020051613
2020092812
2020051023
2020040108
2020122414
2020041115
2020090820
2020022001
2020091511
2020052905
2020111819
2020042502
2020121301
2020101213
2020021609
2020030815
2020030517
2020032122
2020121503
2020052307
2020101421
2020061004
2020072900
2020033003
2020081023
2020090213
2020032114
2020051422
2020101506
2020021723
2020061621
2020051520
2020100118
2020052809
2020040409
2020112310
2020092821
2020091105
2020062813
2020101201
2020062222
2020112210
2020022710
2020102802
2020121514
2020051623
2020091707
2020091206
2020121721
2020110115
2020080818
2020011401
2020031217
2020122008
2020052510
2020042317
2020112915
2020120705
2020032510
2020020905
2020031411
2020033013
2020012817
2020071009
2020080512
2020062223
2020121501
2020072621
2020090411
2020102203
2020110906
2020120818
2020032601
2020010613
2020081800
2020030108
2020061504
2020032919
2020022912
2020052623
2020063012
2020071708
2020041900
2020020114
2020011204
2020012008
2020051403
2020011308
2020041110
2020120900
2020053001
2020041202
2020022319
2020091305
2020071521
2020020911
2020041102
2020042119
2020102617
2020032503
2020091114
2020050308
2020101009
2020071723
2020072906
2020100122
2020102409
2020111401
2020092200
2020033118
2020052718
2020052615
2020082421
2020011115
2020021503
2020032718
2020090323
2020061418
2020030403
2020052422
2020091007
2020070416
2020040823
2020050411
2020020712
2020012910
2020092704
2020080802
2020030710
2020080804
2020071814
2020052608
2020101718
2020062104
2020122104
2020030115
2020013001
2020122816
2020091822
2020011320
2020050310
2020070107
2020103120
2020120701
2020101211
2020042508
2020062110
2020112916
2020100508
2020020721
2020050811
2020060418
2020083100
2020052800
2020111704
2020110413
2020022406
2020082000
2020042920
2020111321
2020072217
2020022318
2020081418
2020122711
2020031916
2020021519
2020011521
2020012113
2020092802
2020042419
2020080420
2020110621
2020012314
2020092210
2020040405
2020122621
2020062204
2020112914
2020032006
2020102211
2020111416
2020080900
2020050817
2020072513
2020050400
2020032500
2020090418
2020110109
2020021312
2020072523
2020061810
2020082608
2020061416
2020102723
2020102504
2020110816
2020022016
2020122813
2020111712
2020122706
2020011010
2020121109
2020050413
2020081102
2020041700
2020071204
2020040521
2020102109
2020060419
2020010221
2020090523
2020122306
2020060512
2020102018
2020062705
2020090313
2020042504
2020042820
2020032207
2020102509
2020011200
2020052022
2020032018
2020100507
2020080707
2020051011
2020120915
2020100511
2020081014
2020022002
2020022702
2020102515
2020081913
2020122408
2020102422
2020102222
2020050607
2020102606
2020030316
2020110303
2020112604
2020060212
2020030513
2020030619
2020111118
2020120922
2020112016
2020102818
2020020914
2020121001
2020091221
2020070317
2020010607
2020082905
2020041201
2020040101
2020061208
2020102501
2020121401
2020071519
2020072214
2020033107
2020070816
2020021722
2020022619
2020030609
2020053120
2020100910
2020021712
2020102111
2020112212
2020041617
2020052009
2020010420
2020102900
2020120606
2020101708
2020092122
2020011415
2020041523
2020053121
2020021500
2020041009
2020092510
2020101215
2020022716
2020012818
2020112601
2020062406
2020122908
2020061108
2020071602
2020060705
2020111405
2020050604
2020030918
2020102010
2020071221
2020090115
2020021108
2020052412
2020083110
2020120610
2020120923
2020093013
2020100619
2020050402
2020122503
2020100514
2020101909
2020092522
2020032407
2020101913
2020010409
2020111112
2020070806
2020061721
2020032705
2020020322
2020031311
2020090118
2020110502
2020082404
2020112505
2020060114
2020031223
2020091116
2020082605
2020112613
2020040121
2020071319
2020071418
2020101714
2020123021
2020072921
2020122919
2020031616
2020030113
2020030514
2020021715
2020060622
2020061015
2020121100
2020072903
2020031802
2020010710
2020040715
2020030701
2020022505
2020030506
2020080819
2020120422
2020073003
2020011515
2020061519
2020102521
2020040115
2020100623
2020052309
2020102516
2020042611
2020072315
2020081218
2020032117
2020053103
2020072915
2020081705
2020040105
2020061202
2020120513
2020120219
2020010901
2020051411
2020060713
2020042515
2020111606
2020011917
2020013006
2020050913
2020031507
2020030312
2020062306
2020083000
2020012801
2020041722
2020040919
2020091201
2020110814
2020061518
2020101116
2020062301
2020122413
2020121704
2020072712
2020030500
2020060613
2020031914
2020062515
2020020723
2020051902
2020041307
2020053111
2020091921
2020030423
2020111913
2020032610
2020100418
2020112207
2020031003
2020101622
2020042222
2020091106
2020051305
2020020509
2020102911
2020090707
2020062908
2020060922
2020080613
2020011303
2020102108
2020100906
2020021716
2020052012
2020040219
2020032016
2020032502
2020083113
2020022818
2020010702
2020061204
2020020102
2020090219
2020070516
2020123004
2020092406
2020082105
2020030912
2020060203
2020041106
2020091411
2020042906
2020071704
2020112706
2020070510
2020072322
2020061602
2020062017
2020042013
2020052014
2020072510
2020062006
2020072618
2020031519
2020032518
2020013010
2020032622
2020070220
2020040300
2020111411
2020031201
2020122710
2020060915
2020071603
2020101303
2020042623
2020082918
2020012007
2020051622
2020072700
2020032001
2020042201
2020052102
2020052504
2020093014
2020091122
2020120703
2020061802
2020102012
2020050812
2020082803
2020091621
2020101005
2020080920
2020071002
2020091303
2020042210
2020101802
2020091802
2020062500
2020061701
2020120522
2020022014
2020040615
2020010301
2020061503
2020032200
2020112407
2020050704
2020092813
2020072610
2020122905
2020030416
2020122922
2020010504
2020041514
2020022218
2020081803
2020082516
2020060619
2020120512
2020072517
2020081303
2020071314
2020020522
2020073116
2020061508
2020021309
2020041211
2020061122
2020020805
2020072223
2020051001
2020060804
2020020101
2020031618
2020092106
2020060611
2020080602
2020051502
2020032401
2020013102
2020032404
2020112903
2020072321
2020092611
2020030116
2020121822
2020092602
2020120419
2020101307
2020080615
2020080216
2020082921
2020010310
2020020423
2020042914
2020030511
2020081110
2020071101
2020102419
2020070619
2020031310
2020022714
2020050208
2020050600
2020112918
2020082920
2020073007
2020010404
2020102603
2020052811
2020070623
2020072117
2020030612
2020040804
2020072820
2020121112
2020091311
2020022402
2020082122
2020021206
2020052904
2020070520
2020012923
2020010405
2020122808
2020051212
2020111217
2020061401
2020012413
2020021300
2020061410
2020090521
2020121021
2020063003
2020111517
2020041613
2020113023
2020031520
2020031518
2020080422
2020011306
2020122106
2020020409
2020031504
2020071222
2020041515
2020033111
2020031804
2020040911
2020121400
2020043012
2020112808
2020111910
2020091702
2020080908
2020090600
2020072318
2020092917
2020031013
2020120322
2020051222
2020041306
2020092014
2020091302
2020021405
2020120600
2020021221
2020020707
2020050216
2020040203
2020112520
2020040906
2020061812
2020021306
2020121302
2020022207
2020073005
2020022504
2020060119
2020052620
2020021416
2020102806
2020091115
2020100912
2020020923
2020112707
2020072505
2020103022
2020090719
2020071706
2020032311
2020010623
2020061002
2020061919
2020100914
2020022000
2020020204
2020061813
2020101319
2020060910
2020110700
2020022421
2020031218
2020122211
2020010202
2020122309
2020122903
2020122722
2020030803
2020052500
2020031419
2020022911
2020021111
2020042516
2020011905
2020050115
2020061523
2020111007
2020071702
2020060702
2020011422
2020121219
2020041212
2020070811
2020122516
2020110308
2020112315
2020020415
2020111612
2020042707
2020020207
2020081811
2020012217
2020111223
2020110802
2020032523
2020110617
2020041319
2020122302
2020102608
2020122007
2020101208
2020110500
2020072115
2020032612
2020030907
2020122421
2020101516
2020102302
2020022711
2020022512
2020081001
2020011807
2020060316
2020041018
2020071601
2020081506
2020022813
2020030405
2020080314
2020032015
2020063014
2020092408
2020072107
2020032317
2020120214
2020061510
2020080421
2020010805
2020070404
2020021116
2020100614
2020092009
2020082809
2020061119
2020011221
2020092516
2020022415
2020080604
2020040306
2020121915
2020052000
2020102821
2020111102
2020092121
2020032013
2020042415
2020012517
2020082023
2020122605
2020110111
2020092222
2020072817
2020121319
2020011622
2020030921
2020091205
2020042320
2020030715
2020102604
2020051122
2020101517
2020051211
2020102417
2020071122
2020122800
2020052207
2020071421
2020072004
2020032304
2020090720
2020110712
2020101101
2020101206
2020083007
2020052821
2020122200
2020110103
2020062401
2020020613
2020011002
2020032709
2020062002
2020070504
2020122012
2020091223
2020071512
2020031621
2020071621
2020093022
2020030802
2020033122
2020040214
2020021819
2020112518
2020091219
2020101402
2020082511
2020071701
2020082510
2020070218
2020073120
2020072023
2020021203
2020021709
2020102406
2020022009
2020052607
2020071409
2020012121
2020092022
2020060412
2020120317
2020011101
2020041413
2020031620
2020123104
2020082218
2020012908
2020092605
2020021600
2020121213
2020102815
2020042921
2020031913
2020111706
2020020614
2020062904
2020062420
2020030719
2020030404
2020101705
2020011022
2020042014
2020012502
2020112303
2020121316
2020062220
2020030421
2020061215
2020080606
2020120320
2020051913
2020052612
2020041609
2020010708
2020071218
2020052020
2020022906
2020060516
2020092520
2020092507
2020061619
2020111722
2020111420
2020071518
2020031313
2020011712
2020030914
2020122912
2020072008
2020042301
2020102210
2020031712
2020120615
2020121313
2020090511
2020081821
2020011809
2020040905
2020040803
2020082710
2020041605
2020013117
2020082916
2020102013
2020012115
2020021415
2020121310
2020102822
2020052512
2020082620
2020110715
2020072201
2020021815
2020080423
2020122000
2020021421
2020061923
2020040506
2020022117
2020122623
2020103101
2020101508
2020100106
2020071718
2020102217
2020121719
2020083022
2020041122
2020051322
2020052411
2020051702
2020010905
2020030614
2020080618
2020110401
2020092714
2020071711
2020042000
2020062207
2020082712
2020062600
2020101115
2020031113
2020062113
2020060517
2020041716
2020092708
2020021913
2020061615
2020040217
2020012417
2020042002
2020122401
2020102722
2020080507
2020100208
2020033110
2020041402
2020022004
2020022515
2020053016
2020102804
2020111322
2020012804
2020041207
2020052401
2020072306
2020031911
2020030215
2020051302
2020091000
2020070315
2020030923
2020022418
2020083009
2020100304
2020041015
2020073008
2020102602
2020062404
2020020808
2020082319
2020101723
2020040801
2020101601
2020080407
2020121303
2020120102
2020010820
2020010123
2020072819
2020100605
2020081608
2020082314
2020110510
2020092907
2020101111
2020050205
2020052320
2020020422
2020052214
2020072304
2020041019
2020071607
2020011805
2020022006
2020031410
2020033010
2020011819
2020081600
2020072603
2020090616
2020092722
2020061609
2020040614
2020021105
2020042703
2020060720
2020010620
2020011616
2020120323
2020032223
2020010918
2020030101
2020091520
2020060200
2020090420
2020120804
2020010219
2020052820
2020081118
2020051804
2020110200
2020012410
2020030817
2020092000
2020091606
2020041209
2020013120
2020062803
2020061620
2020061823
2020070202
2020072215
2020012707
2020022607
2020041719
2020072821
2020100905
2020021207
2020092506
2020081605
2020040418
2020052322
2020042120
2020062415
2020060604
2020072000
2020030420
2020031622
2020113016
2020092109
2020110702
2020020908
2020082806
2020022210
2020042018
2020082310
2020042115
2020081219
2020013107
2020082909
2020022819
2020122223
2020060608
2020012713
2020061323
2020061710
2020102022
2020110705
2020073006
2020122517
2020112710
2020052208
2020010813
2020080803
2020111614
2020032106
2020033020
2020072612
2020022309
2020030410
2020030317
2020071423
2020111211
2020012506
2020022200
2020101810
2020052712
2020012714
2020012411
2020041415
2020092721
2020093015
2020102717
2020040812
2020060415
2020062807
2020011611
2020012604
2020121015
2020090307
2020010507
2020110603
2020032301
2020011414
2020060707
2020072606
2020041112
2020080700
2020032721
2020051700
2020083116
2020052703
2020041301
2020042615
2020062015
2020020515
2020101418
2020092409
2020052716
2020082518
2020042003
2020010808
2020011522
2020070116
2020041216
2020081513
2020063015
2020120405
2020092810
2020062820
2020090602
2020112401
2020013103
2020121811
2020032813
2020052817
2020022316
2020101600
2020091402
2020091217
2020090308
2020040117
2020110105
2020052819
2020122512
2020062612
2020061517
2020112409
2020112611
2020111105
2020090322
2020012718
2020080801
2020011820
2020021603
2020011907
2020071312
2020102320
2020111207
2020121616
2020090416
2020062208
2020030919
2020010923
2020020609
2020102513
2020111815
2020011012
2020041723
2020071811
2020071608
2020022400
2020062702
2020110710
2020010706
2020080809
2020122506
2020062522
2020111103
2020121718
2020050207
2020080916
2020101813
2020022621
2020111106
2020072908
2020081709
2020040119
2020011107
2020040700
2020032423
2020032217
2020041004
2020082006
2020120802
2020062809
2020060507
2020121513
2020060511
2020062402
2020040118
2020101515
2020100119
2020100616
2020050917
2020090718
2020021117
2020041206
2020092623
2020011403
2020091308
2020010509
2020110508
2020070523
2020083102
2020061808
2020011920
2020081105
2020111502
2020091510
2020012917
2020031222
2020102316
2020072019
2020010514
2020103005
2020021811
2020042211
2020060405
2020112514
2020101414
2020100107
2020061803
2020122201
2020121014
2020022810
2020032205
2020070408
2020102611
2020030611
2020012022
2020110709
2020011822
2020061614
2020031720
2020080712
2020081313
2020120302
2020102507
2020120406
2020122917
2020051500
2020072811
2020052910
2020022612
2020121917
2020070105
2020012915
2020050521
2020051611
2020082602
2020101920
2020112421
2020041522
2020062714
2020051721
2020052223
2020022902
2020090201
2020013105
2020122515
2020031612
2020082311
2020082407
2020042206
2020112821
2020090919
2020102523
2020080402
2020011916
2020053018
2020062212
2020102319
2020051517
2020051801
2020050620
2020110120
2020110417
2020031910
2020072300
2020071413
2020061102
2020102014
2020111514
2020100520
2020091616
2020062000
2020030206
2020110808
2020122215
2020020108
2020101922
2020082303
2020061214
2020021009
2020043013
2020040314
2020080717
2020111714
2020081221
2020103108
2020110420
2020092921
2020040623
2020010614
2020122102
2020091312
2020053113
2020021011
2020090417
2020042507
2020030706
2020101410
2020122313
2020101520
2020042006
2020081716
2020121815
2020042912
2020032704
2020112205
2020022706
2020050808
2020011211
2020033103
2020010210
2020051709
2020123116
2020012401
2020091915
2020070301
2020071006
2020102500
2020010600
2020112118
2020013021
2020042807
2020111111
2020091516
2020051816
2020111809
2020122803
2020090319
2020060402
2020112302
2020052923
2020022401
2020040917
2020021717
2020021401
2020051115
2020091805
2020110607
2020072317
2020010617
2020061606
2020040921
2020062310
2020081523
2020031600
2020102017
2020060420
2020040301
2020100518
2020062001
2020011321
2020092820
2020061617
2020052005
2020021320
2020021010
2020042603
2020122507
2020110319
2020070919
2020070310
2020030518
2020050807
2020012706
2020092902
2020030902
2020010208
2020021504
2020090822
2020121706
2020071315
2020122022
2020051806
2020082010
2020081121
2020062912
2020070607
2020042505
2020031521
2020042011
2020090101
2020072414
2020112608
2020081320
2020111918
2020120601
2020040616
2020021003
2020092105
2020022513
2020020709
2020120404
2020101416
2020092318
2020120719
2020020403
2020082722
2020110102
2020100214
2020112408
2020110803
2020062713
2020061417
2020052300
2020040215
2020090403
2020101121
2020112701
2020082214
2020120223
2020090202
2020060318
2020031610
2020060903
2020012108
2020040123
2020031321
2020062107
2020022921
2020111711
2020092110
2020032008
2020050307
2020111413
2020100121
2020092012
2020020420
2020121002
2020122809
2020072018
2020110823
2020032413
2020070410
2020033105
2020072713
2020101719
2020022211
2020122817
2020051208
2020051311
2020102418
2020112404
2020080506
2020080219
2020072609
2020100300
2020110804
2020072301
2020070808
2020031909
2020040514
2020061520
2020062918
2020061818
2020081512
2020102904
2020043022
2020090610
2020021400
2020030602
2020121906
2020022005
2020012822
2020111410
2020042712
2020010804
2020101707
2020011501
2020030318
2020062907
2020041610
2020053116
2020103013
2020062007
2020090818
2020111123
2020091422
2020121819
2020032414
2020010715
2020030413
2020082011
2020041911
2020032916
2020070714
2020122303
2020032214
2020060413
2020022913
2020082603
2020040712
2020120904
2020021521
2020101923
2020022206
2020061305
2020040915
2020030913
2020041416
2020061205
2020100219
2020062507
2020112909
2020063005
2020020119
2020103003
2020111509
2020012806
2020061811
2020042112
2020062408
2020042705
2020061312
2020030818
2020032823
2020012519
2020032312
2020111803
2020022105
2020102412
2020082600
2020051614
2020111407
2020072806
2020121419
2020050801
2020073022
2020083101
2020100513
2020041503
2020042402
2020073104
2020072715
2020021523
2020012601
2020092817
2020122018
2020062214
2020042107
2020011322
2020071818
2020120806
2020082705
2020100223
2020080808
2020121709
2020100404
2020012402
2020012406
2020032318
2020043015
2020032800
2020042622
2020111617
2020010619
2020112208
2020091920
2020030901
2020051005
2020081417
2020110813
2020100907
2020080702
2020101721
2020100818
2020020519
2020083112
2020022120
2020112616
2020011411
2020062321
2020032903
2020062609
2020051814
2020081402
2020120709
2020050711
2020090215
2020022800
2020062314
2020092501
2020071405
2020123000
2020121214
2020042113
2020080815
2020043003
2020063019
2020072909
2020052917
2020022721
2020101219
2020051905
2020040518
2020052907
2020101720
2020031019
2020031308
2020042215
2020040111
2020081302
2020061900
2020070421
2020102921
2020121702
2020041717
2020021411
2020122920
2020081610
2020120111
2020081702
2020061913
2020020804
2020050619
2020051309
2020030805
2020110404
2020062622
2020121220
2020080212
2020080709
2020053117
2020030623
2020020117
2020062716
2020030920
2020041521
2020091304
2020110108
2020100405
2020090921
2020032920
2020120101
2020032121
2020061221
2020020904
2020030221
2020070922
2020100400
2020110304
2020062013
2020031508
2020092010
2020092913
2020061211
2020093008
2020072218
2020120523
2020021322
2020010213
2020060606
2020122510
2020061623
2020092217
2020022907
2020071404
2020020902
2020042123
2020052900
2020072016
2020050409
2020092509
2020030621
2020122801
2020102205
2020062707
2020090406
2020050421
2020072206
2020010102
2020032110
2020071010
2020101417
2020093007
2020022601
2020050606
2020102711
2020062419
2020011909
2020050901
2020100712
2020063000
2020040322
